9.502550e+02 1.132115e-01
9.505550e+02 1.182556e-01
9.508550e+02 1.008454e-01
9.511550e+02 9.766907e-02
9.514550e+02 9.994049e-02
9.516750e+02 6.092302e-02
9.517050e+02 4.708530e-02
9.517350e+02 4.635479e-02
9.517550e+02 3.566671e-02
9.517650e+02 4.174003e-02
9.517950e+02 5.450501e-02
9.518250e+02 5.619380e-02
9.518550e+02 7.568057e-02
9.518850e+02 1.117932e-01
9.519150e+02 1.220969e-01
9.519450e+02 8.033542e-02
9.519750e+02 8.288839e-02
9.520050e+02 7.614608e-02
9.520350e+02 6.182957e-02
9.520550e+02 5.393104e-02
9.520650e+02 4.818706e-02
9.520950e+02 4.918104e-02
9.521250e+02 6.496931e-02
9.521550e+02 6.345895e-02
9.521850e+02 7.427332e-02
9.523550e+02 1.589142e-01
9.526550e+02 2.748520e-01
9.529550e+02 3.588899e-01
9.532550e+02 3.701967e-01
