9.502550e+02 1.201311e-01
9.505550e+02 1.229050e-01
9.508550e+02 1.009300e-01
9.511550e+02 9.702412e-02
9.514550e+02 6.863952e-02
9.516750e+02 6.598202e-02
9.517050e+02 7.852874e-02
9.517350e+02 3.838010e-02
9.517550e+02 3.591062e-02
9.517650e+02 3.874457e-02
9.517950e+02 5.316232e-02
9.518250e+02 5.858056e-02
9.518550e+02 6.424668e-02
9.518850e+02 9.422250e-02
9.519150e+02 7.806391e-02
9.519450e+02 9.701626e-02
9.519750e+02 9.829725e-02
9.520050e+02 7.471264e-02
9.520350e+02 6.160401e-02
9.520550e+02 5.517793e-02
9.520650e+02 5.113814e-02
9.520950e+02 4.876303e-02
9.521250e+02 6.497743e-02
9.521550e+02 6.413706e-02
9.521850e+02 7.879765e-02
9.523550e+02 1.702147e-01
9.526550e+02 3.038491e-01
9.529550e+02 3.977853e-01
9.532550e+02 4.003769e-01
