9.502550e+02 9.877522e-02
9.505550e+02 9.154247e-02
9.508550e+02 8.428536e-02
9.511550e+02 6.843630e-02
9.514550e+02 4.693248e-02
9.516750e+02 2.409394e-02
9.517050e+02 2.494508e-02
9.517350e+02 2.374394e-02
9.517550e+02 2.044038e-02
9.517650e+02 2.127575e-02
9.517950e+02 2.335783e-02
9.518250e+02 3.019531e-02
9.518550e+02 3.367069e-02
9.518850e+02 4.588722e-02
9.519150e+02 3.886522e-02
9.519450e+02 6.100069e-02
9.519750e+02 6.025036e-02
9.520050e+02 5.295096e-02
9.520350e+02 3.971421e-02
9.520550e+02 3.023613e-02
9.520650e+02 2.856154e-02
9.520950e+02 3.069323e-02
9.521250e+02 4.640470e-02
9.521550e+02 7.463520e-02
9.521850e+02 1.002011e-01
9.523550e+02 2.408570e-01
9.526550e+02 3.678324e-01
9.529550e+02 4.375552e-01
9.532550e+02 4.137891e-01
