9.502550e+02 9.561203e-02
9.505550e+02 9.065282e-02
9.508550e+02 7.668257e-02
9.511550e+02 6.673475e-02
9.514550e+02 4.488787e-02
9.516750e+02 2.691687e-02
9.517050e+02 2.439115e-02
9.517350e+02 2.222737e-02
9.517550e+02 2.056566e-02
9.517650e+02 2.242812e-02
9.517950e+02 2.338102e-02
9.518250e+02 2.316103e-02
9.518550e+02 3.309906e-02
9.518850e+02 4.371606e-02
9.519150e+02 4.835165e-02
9.519450e+02 6.431322e-02
9.519750e+02 5.638115e-02
9.520050e+02 4.809917e-02
9.520350e+02 3.645439e-02
9.520550e+02 2.936251e-02
9.520650e+02 2.757227e-02
9.520950e+02 3.141129e-02
9.521250e+02 4.302070e-02
9.521550e+02 6.171164e-02
9.521850e+02 1.013332e-01
9.523550e+02 2.552245e-01
9.526550e+02 3.819845e-01
9.529550e+02 4.435247e-01
9.532550e+02 4.366722e-01
