9.502550e+02 1.066541e-01
9.505550e+02 1.052534e-01
9.508550e+02 9.754493e-02
9.511550e+02 9.905753e-02
9.514550e+02 8.609545e-02
9.516750e+02 5.503814e-02
9.517050e+02 4.434680e-02
9.517350e+02 5.025067e-02
9.517550e+02 3.943173e-02
9.517650e+02 4.589968e-02
9.517950e+02 4.969249e-02
9.518250e+02 5.757290e-02
9.518550e+02 8.384297e-02
9.518850e+02 1.188180e-01
9.519150e+02 9.668326e-02
9.519450e+02 1.020977e-01
9.519750e+02 9.404990e-02
9.520050e+02 6.921841e-02
9.520350e+02 5.462897e-02
9.520550e+02 4.834653e-02
9.520650e+02 4.591099e-02
9.520950e+02 4.780507e-02
9.521250e+02 5.460514e-02
9.521550e+02 5.731898e-02
9.521850e+02 6.859346e-02
9.523550e+02 1.419376e-01
9.526550e+02 2.570463e-01
9.529550e+02 3.239924e-01
9.532550e+02 3.393627e-01
