9.502550e+02 1.054738e-01
9.505550e+02 1.032070e-01
9.508550e+02 1.004562e-01
9.511550e+02 9.007549e-02
9.514550e+02 9.481654e-02
9.516750e+02 6.933942e-02
9.517050e+02 4.363717e-02
9.517350e+02 4.227355e-02
9.517550e+02 4.654443e-02
9.517650e+02 4.068471e-02
9.517950e+02 4.784038e-02
9.518250e+02 5.987764e-02
9.518550e+02 8.704421e-02
9.518850e+02 9.197260e-02
9.519150e+02 1.064486e-01
9.519450e+02 1.065707e-01
9.519750e+02 7.996099e-02
9.520050e+02 6.953058e-02
9.520350e+02 5.445136e-02
9.520550e+02 4.774018e-02
9.520650e+02 4.513784e-02
9.520950e+02 5.020484e-02
9.521250e+02 5.504552e-02
9.521550e+02 5.854538e-02
9.521850e+02 7.226280e-02
9.523550e+02 1.406593e-01
9.526550e+02 2.564844e-01
9.529550e+02 3.237183e-01
9.532550e+02 3.214850e-01
