9.502550e+02 9.859705e-02
9.505550e+02 9.179559e-02
9.508550e+02 7.944251e-02
9.511550e+02 6.847959e-02
9.514550e+02 5.049434e-02
9.516750e+02 2.981989e-02
9.517050e+02 2.656042e-02
9.517350e+02 2.120317e-02
9.517550e+02 3.134581e-02
9.517650e+02 2.292481e-02
9.517950e+02 2.702703e-02
9.518250e+02 2.731893e-02
9.518550e+02 3.836053e-02
9.518850e+02 5.688172e-02
9.519150e+02 5.903945e-02
9.519450e+02 7.032986e-02
9.519750e+02 6.069306e-02
9.520050e+02 4.686415e-02
9.520350e+02 4.346527e-02
9.520550e+02 3.319334e-02
9.520650e+02 3.051564e-02
9.520950e+02 3.346559e-02
9.521250e+02 4.654574e-02
9.521550e+02 6.944165e-02
9.521850e+02 8.881553e-02
9.523550e+02 2.135616e-01
9.526550e+02 3.531534e-01
9.529550e+02 4.180042e-01
9.532550e+02 4.035190e-01
