9.502550e+02 1.072640e-01
9.505550e+02 1.132027e-01
9.508550e+02 1.080186e-01
9.511550e+02 1.036978e-01
9.514550e+02 1.039966e-01
9.516750e+02 7.027048e-02
9.517050e+02 8.315985e-02
9.517350e+02 5.654796e-02
9.517550e+02 5.397210e-02
9.517650e+02 5.526874e-02
9.517950e+02 5.649868e-02
9.518250e+02 6.708194e-02
9.518550e+02 7.989763e-02
9.518850e+02 1.074835e-01
9.519150e+02 1.090917e-01
9.519450e+02 8.599298e-02
9.519750e+02 8.617645e-02
9.520050e+02 6.507099e-02
9.520350e+02 5.930111e-02
9.520550e+02 5.749525e-02
9.520650e+02 5.048368e-02
9.520950e+02 5.264632e-02
9.521250e+02 5.365703e-02
9.521550e+02 5.968341e-02
9.521850e+02 6.756007e-02
9.523550e+02 1.256118e-01
9.526550e+02 2.330382e-01
9.529550e+02 3.096983e-01
9.532550e+02 3.119502e-01
