9.502550e+02 9.722926e-02
9.505550e+02 1.002497e-01
9.508550e+02 8.354420e-02
9.511550e+02 7.507472e-02
9.514550e+02 5.838381e-02
9.516750e+02 2.891795e-02
9.517050e+02 2.794622e-02
9.517350e+02 2.539438e-02
9.517550e+02 2.469136e-02
9.517650e+02 2.989674e-02
9.517950e+02 3.724159e-02
9.518250e+02 3.522340e-02
9.518550e+02 3.740978e-02
9.518850e+02 6.014133e-02
9.519150e+02 4.581400e-02
9.519450e+02 7.217769e-02
9.519750e+02 7.720956e-02
9.520050e+02 5.602943e-02
9.520350e+02 4.700580e-02
9.520550e+02 3.930627e-02
9.520650e+02 2.899270e-02
9.520950e+02 3.612381e-02
9.521250e+02 5.118355e-02
9.521550e+02 6.499190e-02
9.521850e+02 8.398282e-02
9.523550e+02 1.812828e-01
9.526550e+02 3.126556e-01
9.529550e+02 3.709390e-01
9.532550e+02 3.687354e-01
