9.502550e+02 1.068897e-01
9.505550e+02 1.038551e-01
9.508550e+02 8.971688e-02
9.511550e+02 8.748301e-02
9.514550e+02 6.968000e-02
9.516750e+02 5.273002e-02
9.517050e+02 3.459169e-02
9.517350e+02 4.603137e-02
9.517550e+02 2.694915e-02
9.517650e+02 3.249126e-02
9.517950e+02 4.087344e-02
9.518250e+02 4.209256e-02
9.518550e+02 5.611690e-02
9.518850e+02 5.568777e-02
9.519150e+02 8.589120e-02
9.519450e+02 9.717721e-02
9.519750e+02 8.137848e-02
9.520050e+02 7.742276e-02
9.520350e+02 4.985833e-02
9.520550e+02 4.222301e-02
9.520650e+02 3.799374e-02
9.520950e+02 3.851117e-02
9.521250e+02 5.286256e-02
9.521550e+02 6.430920e-02
9.521850e+02 9.060578e-02
9.523550e+02 1.887251e-01
9.526550e+02 3.382916e-01
9.529550e+02 3.994156e-01
9.532550e+02 3.887800e-01
