9.502550e+02 1.050252e-01
9.505550e+02 1.041742e-01
9.508550e+02 9.123679e-02
9.511550e+02 9.496012e-02
9.514550e+02 7.284633e-02
9.516750e+02 3.406979e-02
9.517050e+02 3.404116e-02
9.517350e+02 3.105820e-02
9.517550e+02 3.197505e-02
9.517650e+02 2.963516e-02
9.517950e+02 3.709970e-02
9.518250e+02 4.632787e-02
9.518550e+02 5.820436e-02
9.518850e+02 7.750974e-02
9.519150e+02 8.039779e-02
9.519450e+02 9.090909e-02
9.519750e+02 7.238706e-02
9.520050e+02 5.719781e-02
9.520350e+02 4.617294e-02
9.520550e+02 4.320119e-02
9.520650e+02 4.132746e-02
9.520950e+02 4.154104e-02
9.521250e+02 5.700584e-02
9.521550e+02 6.024855e-02
9.521850e+02 8.875864e-02
9.523550e+02 1.909102e-01
9.526550e+02 3.159161e-01
9.529550e+02 3.978697e-01
9.532550e+02 4.058292e-01
