9.500400e+02 1.228259e-01
9.502900e+02 1.120975e-01
9.505400e+02 1.092834e-01
9.507900e+02 1.058765e-01
9.510400e+02 1.033754e-01
9.512900e+02 9.336459e-02
9.515400e+02 7.762180e-02
9.517900e+02 5.256847e-02
9.518000e+02 5.392867e-02
9.518200e+02 5.576246e-02
9.518400e+02 5.876085e-02
9.518600e+02 7.342336e-02
9.518800e+02 8.821047e-02
9.519000e+02 8.982006e-02
9.519200e+02 1.163980e-01
9.519400e+02 1.378902e-01
9.519600e+02 1.609876e-01
9.519800e+02 1.880351e-01
9.520000e+02 1.663651e-01
9.520200e+02 2.107747e-01
9.520400e+02 2.194159e-01
9.520400e+02 2.275845e-01
9.520600e+02 2.108011e-01
9.520800e+02 1.854776e-01
9.521000e+02 1.729479e-01
9.522900e+02 2.882557e-01
9.525400e+02 3.367706e-01
9.527900e+02 4.081450e-01
9.530400e+02 3.830543e-01
