9.500400e+02 1.246894e-01
9.502900e+02 1.121866e-01
9.505400e+02 1.089933e-01
9.507900e+02 1.043891e-01
9.510400e+02 1.048629e-01
9.512900e+02 9.452355e-02
9.515400e+02 8.296030e-02
9.517900e+02 6.787483e-02
9.518000e+02 6.742769e-02
9.518200e+02 7.886388e-02
9.518400e+02 7.118919e-02
9.518600e+02 7.232826e-02
9.518800e+02 1.121653e-01
9.519000e+02 1.109834e-01
9.519200e+02 1.305337e-01
9.519400e+02 1.486603e-01
9.519600e+02 1.809329e-01
9.519800e+02 1.812073e-01
9.520000e+02 2.203342e-01
9.520200e+02 2.075022e-01
9.520400e+02 2.313999e-01
9.520400e+02 2.116290e-01
9.520600e+02 2.013236e-01
9.520800e+02 1.714523e-01
9.521000e+02 1.852005e-01
9.522900e+02 2.892254e-01
9.525400e+02 3.252686e-01
9.527900e+02 4.008067e-01
9.530400e+02 3.762446e-01
