9.500400e+02 1.231275e-01
9.502900e+02 1.168675e-01
9.505400e+02 1.164029e-01
9.507900e+02 1.193705e-01
9.510400e+02 1.225113e-01
9.512900e+02 1.141166e-01
9.515400e+02 1.014359e-01
9.517900e+02 9.074305e-02
9.518000e+02 9.444176e-02
9.518200e+02 8.320757e-02
9.518400e+02 1.106253e-01
9.518600e+02 1.249213e-01
9.518800e+02 1.461213e-01
9.519000e+02 1.760905e-01
9.519200e+02 1.383924e-01
9.519400e+02 2.169298e-01
9.519600e+02 2.265248e-01
9.519800e+02 2.300406e-01
9.520000e+02 2.118424e-01
9.520200e+02 1.958019e-01
9.520400e+02 1.841426e-01
9.520400e+02 1.833097e-01
9.520600e+02 1.767074e-01
9.520800e+02 1.738927e-01
9.521000e+02 1.750026e-01
9.522900e+02 2.518749e-01
9.525400e+02 2.742854e-01
9.527900e+02 3.279904e-01
9.530400e+02 3.303043e-01
