9.500400e+02 1.268313e-01
9.502900e+02 1.143273e-01
9.505400e+02 1.117142e-01
9.507900e+02 1.108801e-01
9.510400e+02 1.151931e-01
9.512900e+02 1.049244e-01
9.515400e+02 9.631687e-02
9.517900e+02 6.605452e-02
9.518000e+02 7.732482e-02
9.518200e+02 6.384801e-02
9.518400e+02 7.676275e-02
9.518600e+02 1.056283e-01
9.518800e+02 1.227115e-01
9.519000e+02 1.488477e-01
9.519200e+02 1.642992e-01
9.519400e+02 1.876787e-01
9.519600e+02 1.942292e-01
9.519800e+02 1.988735e-01
9.520000e+02 2.072469e-01
9.520200e+02 2.104037e-01
9.520400e+02 1.852414e-01
9.520400e+02 1.840879e-01
9.520600e+02 1.798507e-01
9.520800e+02 1.786491e-01
9.521000e+02 1.765947e-01
9.522900e+02 2.561237e-01
9.525400e+02 2.904022e-01
9.527900e+02 3.535057e-01
9.530400e+02 3.412233e-01
