9.500400e+02 1.221547e-01
9.502900e+02 1.121710e-01
9.505400e+02 1.086967e-01
9.507900e+02 1.095420e-01
9.510400e+02 1.032886e-01
9.512900e+02 1.019031e-01
9.515400e+02 9.113180e-02
9.517900e+02 5.556886e-02
9.518000e+02 5.776556e-02
9.518200e+02 6.013329e-02
9.518400e+02 6.680936e-02
9.518600e+02 1.054168e-01
9.518800e+02 1.141302e-01
9.519000e+02 1.267386e-01
9.519200e+02 1.338464e-01
9.519400e+02 1.555002e-01
9.519600e+02 1.924270e-01
9.519800e+02 1.879996e-01
9.520000e+02 9.018613e-02
9.520200e+02 2.164110e-01
9.520400e+02 2.063205e-01
9.520400e+02 2.012683e-01
9.520600e+02 2.011074e-01
9.520800e+02 1.715434e-01
9.521000e+02 1.718021e-01
9.522900e+02 2.740851e-01
9.525400e+02 3.129840e-01
9.527900e+02 3.813526e-01
9.530400e+02 3.646307e-01
