9.500400e+02 1.233329e-01
9.502900e+02 1.147287e-01
9.505400e+02 1.182806e-01
9.507900e+02 1.240364e-01
9.510400e+02 1.232383e-01
9.512900e+02 1.219624e-01
9.515400e+02 1.097388e-01
9.517900e+02 8.053852e-02
9.518000e+02 7.121475e-02
9.518200e+02 9.525251e-02
9.518400e+02 1.125261e-01
9.518600e+02 1.313627e-01
9.518800e+02 1.453315e-01
9.519000e+02 1.174808e-01
9.519200e+02 1.416997e-01
9.519400e+02 1.684079e-01
9.519600e+02 2.426014e-01
9.519800e+02 1.903805e-01
9.520000e+02 1.892914e-01
9.520200e+02 1.883956e-01
9.520400e+02 1.687598e-01
9.520400e+02 1.806579e-01
9.520600e+02 1.709317e-01
9.520800e+02 1.791607e-01
9.521000e+02 1.749501e-01
9.522900e+02 2.505527e-01
9.525400e+02 2.762158e-01
9.527900e+02 3.302843e-01
9.530400e+02 3.307326e-01
