9.500400e+02 1.355027e-01
9.502900e+02 1.095579e-01
9.505400e+02 1.014607e-01
9.507900e+02 9.322366e-02
9.510400e+02 9.345353e-02
9.512900e+02 8.853900e-02
9.515400e+02 8.678084e-02
9.517900e+02 7.048501e-02
9.518000e+02 6.412671e-02
9.518200e+02 8.306099e-02
9.518400e+02 8.911692e-02
9.518600e+02 1.012433e-01
9.518800e+02 1.221717e-01
9.519000e+02 1.453950e-01
9.519200e+02 1.687123e-01
9.519400e+02 1.836691e-01
9.519600e+02 1.801661e-01
9.519800e+02 2.026094e-01
9.520000e+02 1.711889e-01
9.520200e+02 2.091962e-01
9.520400e+02 1.755884e-01
9.520400e+02 1.866246e-01
9.520600e+02 1.880881e-01
9.520800e+02 1.833491e-01
9.521000e+02 1.734539e-01
9.522900e+02 2.612739e-01
9.525400e+02 2.563275e-01
9.527900e+02 3.000802e-01
9.530400e+02 2.806645e-01
