9.500400e+02 1.335004e-01
9.502900e+02 1.099738e-01
9.505400e+02 1.042682e-01
9.507900e+02 9.199452e-02
9.510400e+02 8.840874e-02
9.512900e+02 8.574496e-02
9.515400e+02 7.938263e-02
9.517900e+02 6.224086e-02
9.518000e+02 5.729871e-02
9.518200e+02 6.508430e-02
9.518400e+02 7.401407e-02
9.518600e+02 1.065861e-01
9.518800e+02 1.205064e-01
9.519000e+02 1.238039e-01
9.519200e+02 1.607133e-01
9.519400e+02 1.796426e-01
9.519600e+02 1.967332e-01
9.519800e+02 1.980523e-01
9.520000e+02 2.362307e-01
9.520200e+02 2.182727e-01
9.520400e+02 1.779160e-01
9.520400e+02 1.915631e-01
9.520600e+02 1.962073e-01
9.520800e+02 1.832623e-01
9.521000e+02 1.750275e-01
9.522900e+02 2.644059e-01
9.525400e+02 2.679335e-01
9.527900e+02 3.137176e-01
9.530400e+02 2.889808e-01
