9.500400e+02 1.376970e-01
9.502900e+02 1.111559e-01
9.505400e+02 9.792649e-02
9.507900e+02 9.211813e-02
9.510400e+02 8.566442e-02
9.512900e+02 8.197977e-02
9.515400e+02 7.248187e-02
9.517900e+02 6.239160e-02
9.518000e+02 5.513748e-02
9.518200e+02 7.315726e-02
9.518400e+02 7.364263e-02
9.518600e+02 8.364873e-02
9.518800e+02 9.498424e-02
9.519000e+02 1.306979e-01
9.519200e+02 1.460298e-01
9.519400e+02 1.759915e-01
9.519600e+02 1.890418e-01
9.519800e+02 1.542642e-01
9.520000e+02 1.956852e-01
9.520200e+02 2.075585e-01
9.520400e+02 1.625311e-01
9.520400e+02 2.133354e-01
9.520600e+02 1.902373e-01
9.520800e+02 1.841303e-01
9.521000e+02 1.745029e-01
9.522900e+02 2.609067e-01
9.525400e+02 2.651432e-01
9.527900e+02 3.019872e-01
9.530400e+02 2.877797e-01
