9.500400e+02 1.445017e-01
9.502900e+02 1.124263e-01
9.505400e+02 9.667273e-02
9.507900e+02 8.816478e-02
9.510400e+02 8.329008e-02
9.512900e+02 7.429534e-02
9.515400e+02 6.680765e-02
9.517900e+02 5.043110e-02
9.518000e+02 5.101254e-02
9.518200e+02 5.702525e-02
9.518400e+02 6.200728e-02
9.518600e+02 8.319340e-02
9.518800e+02 8.655677e-02
9.519000e+02 1.106480e-01
9.519200e+02 1.396507e-01
9.519400e+02 1.528608e-01
9.519600e+02 1.713796e-01
9.519800e+02 1.867807e-01
9.520000e+02 2.109797e-01
9.520200e+02 1.811653e-01
9.520400e+02 2.145576e-01
9.520400e+02 1.586455e-01
9.520600e+02 1.986679e-01
9.520800e+02 1.924811e-01
9.521000e+02 1.779304e-01
9.522900e+02 2.736271e-01
9.525400e+02 2.699113e-01
9.527900e+02 3.122247e-01
9.530400e+02 2.953181e-01
