9.500400e+02 1.320089e-01
9.502900e+02 1.112399e-01
9.505400e+02 1.001178e-01
9.507900e+02 9.520545e-02
9.510400e+02 9.549847e-02
9.512900e+02 9.078847e-02
9.515400e+02 8.679971e-02
9.517900e+02 8.331729e-02
9.518000e+02 6.766917e-02
9.518200e+02 7.917358e-02
9.518400e+02 9.481189e-02
9.518600e+02 1.310033e-01
9.518800e+02 1.511082e-01
9.519000e+02 1.616888e-01
9.519200e+02 1.913349e-01
9.519400e+02 2.388690e-01
9.519600e+02 1.903821e-01
9.519800e+02 2.036141e-01
9.520000e+02 1.964356e-01
9.520200e+02 1.737265e-01
9.520400e+02 1.816333e-01
9.520400e+02 1.761890e-01
9.520600e+02 1.536885e-01
9.520800e+02 1.597481e-01
9.521000e+02 1.628549e-01
9.522900e+02 2.138833e-01
9.525400e+02 2.150992e-01
9.527900e+02 2.688032e-01
9.530400e+02 2.516898e-01
