9.500400e+02 1.492996e-01
9.502900e+02 1.198368e-01
9.505400e+02 9.760897e-02
9.507900e+02 8.562332e-02
9.510400e+02 7.789394e-02
9.512900e+02 7.260288e-02
9.515400e+02 6.297545e-02
9.517900e+02 4.622274e-02
9.518000e+02 4.738925e-02
9.518200e+02 4.881961e-02
9.518400e+02 5.370624e-02
9.518600e+02 6.173491e-02
9.518800e+02 7.161113e-02
9.519000e+02 1.066315e-01
9.519200e+02 1.182772e-01
9.519400e+02 1.299872e-01
9.519600e+02 1.485468e-01
9.519800e+02 1.769450e-01
9.520000e+02 1.705378e-01
9.520200e+02 2.128435e-01
9.520400e+02 2.053599e-01
9.520400e+02 1.879760e-01
9.520600e+02 1.946429e-01
9.520800e+02 1.902069e-01
9.521000e+02 1.778981e-01
9.522900e+02 2.718706e-01
9.525400e+02 2.848807e-01
9.527900e+02 3.185185e-01
9.530400e+02 2.986404e-01
