9.500400e+02 1.360417e-01
9.502900e+02 1.108035e-01
9.505400e+02 9.790622e-02
9.507900e+02 9.248640e-02
9.510400e+02 8.805801e-02
9.512900e+02 8.319315e-02
9.515400e+02 7.842382e-02
9.517900e+02 5.856896e-02
9.518000e+02 5.945034e-02
9.518200e+02 7.618425e-02
9.518400e+02 8.670140e-02
9.518600e+02 9.736474e-02
9.518800e+02 1.258075e-01
9.519000e+02 1.503531e-01
9.519200e+02 1.812779e-01
9.519400e+02 2.100144e-01
9.519600e+02 1.964230e-01
9.519800e+02 2.383956e-01
9.520000e+02 1.976528e-01
9.520200e+02 1.906445e-01
9.520400e+02 1.867473e-01
9.520400e+02 1.877767e-01
9.520600e+02 1.813179e-01
9.520800e+02 1.805113e-01
9.521000e+02 1.720017e-01
9.522900e+02 2.345019e-01
9.525400e+02 2.310319e-01
9.527900e+02 2.744333e-01
9.530400e+02 2.631607e-01
