9.502550e+02 4.075978e-01
9.505550e+02 4.002230e-01
9.508550e+02 3.417684e-01
9.511550e+02 2.937551e-01
9.514550e+02 2.654926e-01
9.516750e+02 1.071109e-01
9.517050e+02 9.946437e-02
9.517350e+02 5.990612e-02
9.517550e+02 5.441670e-02
9.517650e+02 6.632881e-02
9.517950e+02 7.154544e-02
9.518250e+02 8.282483e-02
9.518550e+02 1.160057e-01
9.518850e+02 1.502491e-01
9.519150e+02 1.515920e-01
9.519450e+02 1.356893e-01
9.519750e+02 2.054662e-01
9.520050e+02 1.164889e-01
9.520350e+02 8.964336e-02
9.520550e+02 6.729696e-02
9.520650e+02 5.730680e-02
9.520950e+02 6.191258e-02
9.521250e+02 8.425209e-02
9.521550e+02 1.200477e-01
9.521850e+02 1.826566e-01
9.523550e+02 4.609311e-01
9.526550e+02 8.145829e-01
9.529550e+02 1.165454e+00
9.532550e+02 1.176803e+00
