9.502550e+02 4.222852e-01
9.505550e+02 4.676795e-01
9.508550e+02 3.706273e-01
9.511550e+02 3.553122e-01
9.514550e+02 2.235469e-01
9.516750e+02 9.738220e-02
9.517050e+02 9.914887e-02
9.517350e+02 8.219383e-02
9.517550e+02 6.811724e-02
9.517650e+02 7.214878e-02
9.517950e+02 8.188530e-02
9.518250e+02 1.009626e-01
9.518550e+02 1.317615e-01
9.518850e+02 1.802118e-01
9.519150e+02 1.547548e-01
9.519450e+02 2.099319e-01
9.519750e+02 1.834677e-01
9.520050e+02 1.091412e-01
9.520350e+02 9.239374e-02
9.520550e+02 7.076739e-02
9.520650e+02 6.388225e-02
9.520950e+02 6.383297e-02
9.521250e+02 8.704423e-02
9.521550e+02 1.173172e-01
9.521850e+02 1.635183e-01
9.523550e+02 4.392013e-01
9.526550e+02 7.617302e-01
9.529550e+02 1.110075e+00
9.532550e+02 1.138364e+00
