9.502550e+02 4.100509e-01
9.505550e+02 4.586978e-01
9.508550e+02 3.981433e-01
9.511550e+02 3.246656e-01
9.514550e+02 2.576279e-01
9.516750e+02 1.029489e-01
9.517050e+02 9.235382e-02
9.517350e+02 7.232799e-02
9.517550e+02 6.235462e-02
9.517650e+02 8.215276e-02
9.517950e+02 8.391347e-02
9.518250e+02 8.854790e-02
9.518550e+02 1.303241e-01
9.518850e+02 1.830838e-01
9.519150e+02 1.751145e-01
9.519450e+02 2.022514e-01
9.519750e+02 1.602430e-01
9.520050e+02 1.173159e-01
9.520350e+02 8.971570e-02
9.520550e+02 7.318900e-02
9.520650e+02 6.174044e-02
9.520950e+02 6.498385e-02
9.521250e+02 8.644755e-02
9.521550e+02 1.152952e-01
9.521850e+02 1.760384e-01
9.523550e+02 4.332382e-01
9.526550e+02 7.977764e-01
9.529550e+02 1.129416e+00
9.532550e+02 1.169354e+00
