9.502550e+02 4.397708e-01
9.505550e+02 4.610292e-01
9.508550e+02 3.970755e-01
9.511550e+02 3.615772e-01
9.514550e+02 2.573430e-01
9.516750e+02 1.360441e-01
9.517050e+02 9.095713e-02
9.517350e+02 7.244844e-02
9.517550e+02 6.679779e-02
9.517650e+02 6.509413e-02
9.517950e+02 7.797992e-02
9.518250e+02 8.888385e-02
9.518550e+02 1.286135e-01
9.518850e+02 1.747683e-01
9.519150e+02 1.665405e-01
9.519450e+02 1.986976e-01
9.519750e+02 1.478064e-01
9.520050e+02 8.897471e-02
9.520350e+02 8.918592e-02
9.520550e+02 6.972352e-02
9.520650e+02 5.881464e-02
9.520950e+02 5.847156e-02
9.521250e+02 8.414044e-02
9.521550e+02 1.241776e-01
9.521850e+02 1.791462e-01
9.523550e+02 4.451423e-01
9.526550e+02 8.158970e-01
9.529550e+02 1.177203e+00
9.532550e+02 1.189516e+00
