9.502550e+02 4.011826e-01
9.505550e+02 3.776282e-01
9.508550e+02 3.275967e-01
9.511550e+02 3.237073e-01
9.514550e+02 2.094799e-01
9.516750e+02 9.460587e-02
9.517050e+02 6.945917e-02
9.517350e+02 5.526495e-02
9.517550e+02 5.671982e-02
9.517650e+02 5.557240e-02
9.517950e+02 6.900726e-02
9.518250e+02 7.643939e-02
9.518550e+02 9.330306e-02
9.518850e+02 1.051637e-01
9.519150e+02 1.468287e-01
9.519450e+02 1.426402e-01
9.519750e+02 1.674877e-01
9.520050e+02 1.165756e-01
9.520350e+02 8.080273e-02
9.520550e+02 6.209769e-02
9.520650e+02 5.250379e-02
9.520950e+02 5.592705e-02
9.521250e+02 7.762799e-02
9.521550e+02 1.266773e-01
9.521850e+02 1.961349e-01
9.523550e+02 5.050152e-01
9.526550e+02 8.675934e-01
9.529550e+02 1.217132e+00
9.532550e+02 1.248693e+00
