9.502550e+02 3.553253e-01
9.505550e+02 3.570274e-01
9.508550e+02 2.923923e-01
9.511550e+02 2.581327e-01
9.514550e+02 1.477826e-01
9.516750e+02 6.154607e-02
9.517050e+02 6.515601e-02
9.517350e+02 4.715114e-02
9.517550e+02 4.025754e-02
9.517650e+02 4.764261e-02
9.517950e+02 5.120248e-02
9.518250e+02 5.719127e-02
9.518550e+02 8.336863e-02
9.518850e+02 8.918500e-02
9.519150e+02 9.374337e-02
9.519450e+02 9.860649e-02
9.519750e+02 9.957597e-02
9.520050e+02 6.987611e-02
9.520350e+02 5.889007e-02
9.520550e+02 4.652149e-02
9.520650e+02 4.021524e-02
9.520950e+02 4.386338e-02
9.521250e+02 7.055909e-02
9.521550e+02 1.037682e-01
9.521850e+02 1.620609e-01
9.523550e+02 5.910699e-01
9.526550e+02 9.057766e-01
9.529550e+02 1.172207e+00
9.532550e+02 1.168081e+00
