9.502550e+02 4.854183e-01
9.505550e+02 5.243186e-01
9.508550e+02 4.652812e-01
9.511550e+02 4.373450e-01
9.514550e+02 3.233626e-01
9.516750e+02 1.856198e-01
9.517050e+02 1.620854e-01
9.517350e+02 1.169736e-01
9.517550e+02 9.987187e-02
9.517650e+02 9.605403e-02
9.517950e+02 1.112372e-01
9.518250e+02 1.318986e-01
9.518550e+02 1.599460e-01
9.518850e+02 2.265797e-01
9.519150e+02 1.976363e-01
9.519450e+02 1.812295e-01
9.519750e+02 1.701643e-01
9.520050e+02 1.141107e-01
9.520350e+02 9.552918e-02
9.520550e+02 8.046631e-02
9.520650e+02 7.645761e-02
9.520950e+02 7.612728e-02
9.521250e+02 8.892844e-02
9.521550e+02 9.965807e-02
9.521850e+02 1.297113e-01
9.523550e+02 3.112630e-01
9.526550e+02 6.493090e-01
9.529550e+02 9.557007e-01
9.532550e+02 9.787946e-01
