9.502550e+02 4.089933e-01
9.505550e+02 4.507394e-01
9.508550e+02 4.138449e-01
9.511550e+02 3.942081e-01
9.514550e+02 2.953505e-01
9.516750e+02 1.418725e-01
9.517050e+02 9.761342e-02
9.517350e+02 8.593582e-02
9.517550e+02 6.794513e-02
9.517650e+02 7.237220e-02
9.517950e+02 8.807510e-02
9.518250e+02 9.934012e-02
9.518550e+02 1.314790e-01
9.518850e+02 1.656042e-01
9.519150e+02 2.071567e-01
9.519450e+02 1.709230e-01
9.519750e+02 1.226646e-01
9.520050e+02 1.098079e-01
9.520350e+02 8.450806e-02
9.520550e+02 7.436413e-02
9.520650e+02 6.472492e-02
9.520950e+02 6.268463e-02
9.521250e+02 7.926917e-02
9.521550e+02 1.082908e-01
9.521850e+02 1.638284e-01
9.523550e+02 4.029926e-01
9.526550e+02 7.358721e-01
9.529550e+02 1.066748e+00
9.532550e+02 1.063600e+00
