9.502550e+02 4.020619e-01
9.505550e+02 4.318999e-01
9.508550e+02 3.610491e-01
9.511550e+02 3.312945e-01
9.514550e+02 2.550727e-01
9.516750e+02 1.218984e-01
9.517050e+02 1.231179e-01
9.517350e+02 1.015580e-01
9.517550e+02 5.999134e-02
9.517650e+02 7.060436e-02
9.517950e+02 8.224205e-02
9.518250e+02 9.777361e-02
9.518550e+02 1.062450e-01
9.518850e+02 1.937527e-01
9.519150e+02 2.129810e-01
9.519450e+02 1.423413e-01
9.519750e+02 1.585973e-01
9.520050e+02 1.200231e-01
9.520350e+02 8.947368e-02
9.520550e+02 7.403403e-02
9.520650e+02 6.339808e-02
9.520950e+02 6.138256e-02
9.521250e+02 8.430863e-02
9.521550e+02 1.135838e-01
9.521850e+02 1.491848e-01
9.523550e+02 4.074556e-01
9.526550e+02 7.516274e-01
9.529550e+02 1.083105e+00
9.532550e+02 1.082936e+00
