9.502550e+02 4.314350e-01
9.505550e+02 4.707243e-01
9.508550e+02 4.138555e-01
9.511550e+02 3.578765e-01
9.514550e+02 3.445281e-01
9.516750e+02 1.232210e-01
9.517050e+02 1.143334e-01
9.517350e+02 9.981851e-02
9.517550e+02 8.100843e-02
9.517650e+02 8.155410e-02
9.517950e+02 9.824663e-02
9.518250e+02 1.094509e-01
9.518550e+02 1.504168e-01
9.518850e+02 2.400058e-01
9.519150e+02 1.986341e-01
9.519450e+02 1.946240e-01
9.519750e+02 1.749201e-01
9.520050e+02 1.150102e-01
9.520350e+02 9.114678e-02
9.520550e+02 7.752051e-02
9.520650e+02 6.637586e-02
9.520950e+02 7.177173e-02
9.521250e+02 8.608405e-02
9.521550e+02 1.074675e-01
9.521850e+02 1.482854e-01
9.523550e+02 3.589091e-01
9.526550e+02 7.284364e-01
9.529550e+02 1.051620e+00
9.532550e+02 1.070021e+00
