9.502550e+02 3.996647e-01
9.505550e+02 4.391592e-01
9.508550e+02 3.719592e-01
9.511550e+02 3.302065e-01
9.514550e+02 2.387397e-01
9.516750e+02 1.133343e-01
9.517050e+02 9.699752e-02
9.517350e+02 8.981468e-02
9.517550e+02 7.124589e-02
9.517650e+02 7.299803e-02
9.517950e+02 8.110666e-02
9.518250e+02 8.512035e-02
9.518550e+02 1.327311e-01
9.518850e+02 1.789014e-01
9.519150e+02 1.805900e-01
9.519450e+02 1.889643e-01
9.519750e+02 1.642826e-01
9.520050e+02 1.211700e-01
9.520350e+02 9.046437e-02
9.520550e+02 6.989640e-02
9.520650e+02 6.133938e-02
9.520950e+02 6.390922e-02
9.521250e+02 8.645765e-02
9.521550e+02 1.110136e-01
9.521850e+02 1.630625e-01
9.523550e+02 4.375548e-01
9.526550e+02 7.817277e-01
9.529550e+02 1.119358e+00
9.532550e+02 1.126123e+00
