9.502550e+02 4.588452e-01
9.505550e+02 4.334925e-01
9.508550e+02 3.713928e-01
9.511550e+02 3.391834e-01
9.514550e+02 2.569644e-01
9.516750e+02 1.201179e-01
9.517050e+02 1.057742e-01
9.517350e+02 8.106914e-02
9.517550e+02 6.831932e-02
9.517650e+02 6.237098e-02
9.517950e+02 8.924367e-02
9.518250e+02 9.151145e-02
9.518550e+02 1.273557e-01
9.518850e+02 1.744596e-01
9.519150e+02 1.910701e-01
9.519450e+02 2.321758e-01
9.519750e+02 1.547645e-01
9.520050e+02 1.087919e-01
9.520350e+02 8.082222e-02
9.520550e+02 7.164948e-02
9.520650e+02 6.077144e-02
9.520950e+02 6.444231e-02
9.521250e+02 8.541083e-02
9.521550e+02 1.138577e-01
9.521850e+02 1.663597e-01
9.523550e+02 4.230712e-01
9.526550e+02 7.735027e-01
9.529550e+02 1.119888e+00
9.532550e+02 1.085674e+00
