9.502550e+02 4.222271e-01
9.505550e+02 4.684804e-01
9.508550e+02 3.549387e-01
9.511550e+02 3.572639e-01
9.514550e+02 2.129418e-01
9.516750e+02 9.472750e-02
9.517050e+02 8.389336e-02
9.517350e+02 6.730201e-02
9.517550e+02 5.639014e-02
9.517650e+02 6.893491e-02
9.517950e+02 8.799646e-02
9.518250e+02 8.373365e-02
9.518550e+02 1.194680e-01
9.518850e+02 1.502916e-01
9.519150e+02 1.508330e-01
9.519450e+02 1.779818e-01
9.519750e+02 1.852811e-01
9.520050e+02 9.350707e-02
9.520350e+02 8.008578e-02
9.520550e+02 6.925351e-02
9.520650e+02 5.811801e-02
9.520950e+02 6.619718e-02
9.521250e+02 8.480722e-02
9.521550e+02 1.168456e-01
9.521850e+02 1.696270e-01
9.523550e+02 4.386433e-01
9.526550e+02 8.004298e-01
9.529550e+02 1.126136e+00
9.532550e+02 1.160056e+00
