9.502550e+02 4.056177e-01
9.505550e+02 4.010355e-01
9.508550e+02 3.582808e-01
9.511550e+02 3.429037e-01
9.514550e+02 2.757574e-01
9.516750e+02 1.009065e-01
9.517050e+02 9.076079e-02
9.517350e+02 7.139676e-02
9.517550e+02 6.937532e-02
9.517650e+02 6.682011e-02
9.517950e+02 8.637037e-02
9.518250e+02 7.757342e-02
9.518550e+02 1.064571e-01
9.518850e+02 1.555111e-01
9.519150e+02 1.587597e-01
9.519450e+02 1.654644e-01
9.519750e+02 1.450427e-01
9.520050e+02 1.064415e-01
9.520350e+02 8.345708e-02
9.520550e+02 6.953102e-02
9.520650e+02 5.916896e-02
9.520950e+02 6.203049e-02
9.521250e+02 8.693393e-02
9.521550e+02 1.168860e-01
9.521850e+02 1.715177e-01
9.523550e+02 4.500558e-01
9.526550e+02 8.099985e-01
9.529550e+02 1.124110e+00
9.532550e+02 1.158309e+00
