9.502550e+02 7.150875e-01
9.505550e+02 3.095228e-01
9.508550e+02 9.625217e-02
9.511550e+02 4.817084e-02
9.514550e+02 2.783478e-02
9.516750e+02 2.263595e-02
9.517050e+02 2.352836e-02
9.517350e+02 2.338972e-02
9.517550e+02 2.113055e-02
9.517650e+02 2.527901e-02
9.517950e+02 4.100258e-02
9.518250e+02 4.188388e-02
9.518550e+02 6.453193e-02
9.518850e+02 1.131992e-01
9.519150e+02 1.025607e-01
9.519450e+02 1.313578e-01
9.519750e+02 1.050454e-01
9.520050e+02 7.744844e-02
9.520350e+02 6.546346e-02
9.520550e+02 7.104044e-02
9.520650e+02 5.957428e-02
9.520950e+02 4.531980e-02
9.521250e+02 5.657759e-02
9.521550e+02 4.585348e-02
9.521850e+02 4.559053e-02
9.523550e+02 5.909902e-02
9.526550e+02 1.328568e-01
9.529550e+02 2.451587e-01
9.532550e+02 3.550452e-01
