9.502550e+02 5.753392e-01
9.505550e+02 4.826965e-01
9.508550e+02 1.197245e-01
9.511550e+02 4.387024e-02
9.514550e+02 1.941435e-02
9.516750e+02 1.112475e-02
9.517050e+02 1.010062e-02
9.517350e+02 1.078822e-02
9.517550e+02 9.938904e-03
9.517650e+02 1.001806e-02
9.517950e+02 1.431062e-02
9.518250e+02 1.271290e-02
9.518550e+02 1.427772e-02
9.518850e+02 1.902377e-02
9.519150e+02 2.425239e-02
9.519450e+02 4.867542e-02
9.519750e+02 5.489843e-02
9.520050e+02 5.023296e-02
9.520350e+02 4.099135e-02
9.520550e+02 3.597527e-02
9.520650e+02 3.478327e-02
9.520950e+02 3.619128e-02
9.521250e+02 4.599524e-02
9.521550e+02 6.381178e-02
9.521850e+02 7.697749e-02
9.523550e+02 1.039031e-01
9.526550e+02 1.464686e-01
9.529550e+02 1.932345e-01
9.532550e+02 2.473369e-01
