9.502550e+02 5.984114e-01
9.505550e+02 3.466797e-01
9.508550e+02 9.870700e-02
9.511550e+02 4.244761e-02
9.514550e+02 2.186935e-02
9.516750e+02 1.589882e-02
9.517050e+02 1.770118e-02
9.517350e+02 1.631302e-02
9.517550e+02 1.635393e-02
9.517650e+02 1.927139e-02
9.517950e+02 2.074891e-02
9.518250e+02 2.197578e-02
9.518550e+02 4.154338e-02
9.518850e+02 5.637655e-02
9.519150e+02 9.139311e-02
9.519450e+02 7.746308e-02
9.519750e+02 1.150439e-01
9.520050e+02 7.044188e-02
9.520350e+02 6.196253e-02
9.520550e+02 5.591036e-02
9.520650e+02 4.893888e-02
9.520950e+02 5.360467e-02
9.521250e+02 5.324258e-02
9.521550e+02 5.061415e-02
9.521850e+02 5.212620e-02
9.523550e+02 6.223068e-02
9.526550e+02 1.267869e-01
9.529550e+02 2.036122e-01
9.532550e+02 2.926576e-01
