9.502550e+02 6.003035e-01
9.505550e+02 3.980716e-01
9.508550e+02 1.088483e-01
9.511550e+02 4.476805e-02
9.514550e+02 1.985850e-02
9.516750e+02 1.424139e-02
9.517050e+02 1.480584e-02
9.517350e+02 1.488119e-02
9.517550e+02 1.716035e-02
9.517650e+02 1.595653e-02
9.517950e+02 1.772275e-02
9.518250e+02 2.083249e-02
9.518550e+02 3.835256e-02
9.518850e+02 6.046691e-02
9.519150e+02 8.135024e-02
9.519450e+02 8.886380e-02
9.519750e+02 8.356611e-02
9.520050e+02 7.744587e-02
9.520350e+02 6.047617e-02
9.520550e+02 5.308565e-02
9.520650e+02 4.854635e-02
9.520950e+02 5.176141e-02
9.521250e+02 5.305748e-02
9.521550e+02 5.376207e-02
9.521850e+02 5.831982e-02
9.523550e+02 6.213273e-02
9.526550e+02 1.264022e-01
9.529550e+02 1.982637e-01
9.532550e+02 2.929936e-01
