9.502550e+02 6.025305e-01
9.505550e+02 4.380952e-01
9.508550e+02 1.203734e-01
9.511550e+02 4.648465e-02
9.514550e+02 2.005850e-02
9.516750e+02 1.374901e-02
9.517050e+02 1.637364e-02
9.517350e+02 1.540071e-02
9.517550e+02 1.760685e-02
9.517650e+02 1.593418e-02
9.517950e+02 2.013114e-02
9.518250e+02 2.101650e-02
9.518550e+02 2.905397e-02
9.518850e+02 6.304249e-02
9.519150e+02 7.875665e-02
9.519450e+02 9.908850e-02
9.519750e+02 8.287132e-02
9.520050e+02 7.654280e-02
9.520350e+02 6.255485e-02
9.520550e+02 5.540016e-02
9.520650e+02 5.178482e-02
9.520950e+02 4.594896e-02
9.521250e+02 5.034112e-02
9.521550e+02 6.244668e-02
9.521850e+02 5.629698e-02
9.523550e+02 6.720329e-02
9.526550e+02 1.308104e-01
9.529550e+02 2.189649e-01
9.532550e+02 2.958613e-01
