9.502550e+02 6.975455e-01
9.505550e+02 3.447566e-01
9.508550e+02 1.116413e-01
9.511550e+02 4.680779e-02
9.514550e+02 2.234874e-02
9.516750e+02 1.840595e-02
9.517050e+02 2.213740e-02
9.517350e+02 2.047941e-02
9.517550e+02 2.315881e-02
9.517650e+02 2.028230e-02
9.517950e+02 2.538373e-02
9.518250e+02 3.391564e-02
9.518550e+02 4.419584e-02
9.518850e+02 9.974186e-02
9.519150e+02 1.306258e-01
9.519450e+02 8.784535e-02
9.519750e+02 9.795676e-02
9.520050e+02 8.189508e-02
9.520350e+02 6.696486e-02
9.520550e+02 6.322328e-02
9.520650e+02 4.788756e-02
9.520950e+02 5.473693e-02
9.521250e+02 4.423864e-02
9.521550e+02 5.405172e-02
9.521850e+02 4.568899e-02
9.523550e+02 5.702055e-02
9.526550e+02 1.265197e-01
9.529550e+02 2.297453e-01
9.532550e+02 3.364998e-01
