9.502550e+02 6.540644e-01
9.505550e+02 3.834072e-01
9.508550e+02 1.039938e-01
9.511550e+02 4.899422e-02
9.514550e+02 2.479805e-02
9.516750e+02 1.864488e-02
9.517050e+02 2.187120e-02
9.517350e+02 2.482177e-02
9.517550e+02 3.109764e-02
9.517650e+02 1.935399e-02
9.517950e+02 2.972104e-02
9.518250e+02 3.044802e-02
9.518550e+02 4.485201e-02
9.518850e+02 8.379501e-02
9.519150e+02 1.226978e-01
9.519450e+02 1.323215e-01
9.519750e+02 8.398802e-02
9.520050e+02 7.439062e-02
9.520350e+02 6.845381e-02
9.520550e+02 5.555556e-02
9.520650e+02 5.011767e-02
9.520950e+02 4.201126e-02
9.521250e+02 5.238471e-02
9.521550e+02 5.568232e-02
9.521850e+02 4.821069e-02
9.523550e+02 5.676666e-02
9.526550e+02 1.337560e-01
9.529550e+02 2.299978e-01
9.532550e+02 3.379682e-01
