9.502550e+02 6.073999e-01
9.505550e+02 4.481194e-01
9.508550e+02 1.136971e-01
9.511550e+02 5.142457e-02
9.514550e+02 2.269329e-02
9.516750e+02 1.535686e-02
9.517050e+02 1.647845e-02
9.517350e+02 1.786893e-02
9.517550e+02 1.671544e-02
9.517650e+02 1.506224e-02
9.517950e+02 2.171619e-02
9.518250e+02 2.801971e-02
9.518550e+02 3.063736e-02
9.518850e+02 6.539068e-02
9.519150e+02 9.400167e-02
9.519450e+02 7.443808e-02
9.519750e+02 8.379055e-02
9.520050e+02 8.663672e-02
9.520350e+02 6.688934e-02
9.520550e+02 5.774382e-02
9.520650e+02 5.696425e-02
9.520950e+02 4.439615e-02
9.521250e+02 5.089317e-02
9.521550e+02 6.230103e-02
9.521850e+02 5.487132e-02
9.523550e+02 6.460130e-02
9.526550e+02 1.334979e-01
9.529550e+02 2.311953e-01
9.532550e+02 3.087631e-01
