9.502550e+02 7.189005e-01
9.505550e+02 4.578901e-01
9.508550e+02 1.117092e-01
9.511550e+02 4.992289e-02
9.514550e+02 2.190169e-02
9.516750e+02 1.596921e-02
9.517050e+02 1.687354e-02
9.517350e+02 1.584001e-02
9.517550e+02 1.509081e-02
9.517650e+02 1.507940e-02
9.517950e+02 1.889124e-02
9.518250e+02 2.757524e-02
9.518550e+02 4.238598e-02
9.518850e+02 7.388989e-02
9.519150e+02 8.103807e-02
9.519450e+02 1.035994e-01
9.519750e+02 8.333701e-02
9.520050e+02 8.095196e-02
9.520350e+02 6.651660e-02
9.520550e+02 5.498721e-02
9.520650e+02 5.130358e-02
9.520950e+02 4.753216e-02
9.521250e+02 4.742067e-02
9.521550e+02 6.249723e-02
9.521850e+02 5.712895e-02
9.523550e+02 6.715232e-02
9.526550e+02 1.371942e-01
9.529550e+02 2.266714e-01
9.532550e+02 3.194660e-01
