9.502550e+02 6.029060e-01
9.505550e+02 5.595999e-01
9.508550e+02 1.378151e-01
9.511550e+02 5.243396e-02
9.514550e+02 2.032574e-02
9.516750e+02 1.446960e-02
9.517050e+02 1.232270e-02
9.517350e+02 1.020499e-02
9.517550e+02 1.031572e-02
9.517650e+02 9.230769e-03
9.517950e+02 1.235005e-02
9.518250e+02 1.422368e-02
9.518550e+02 1.602976e-02
9.518850e+02 2.206726e-02
9.519150e+02 4.713342e-02
9.519450e+02 5.799290e-02
9.519750e+02 5.868565e-02
9.520050e+02 6.007898e-02
9.520350e+02 5.333097e-02
9.520550e+02 4.005488e-02
9.520650e+02 3.605162e-02
9.520950e+02 3.477989e-02
9.521250e+02 4.729038e-02
9.521550e+02 6.685658e-02
9.521850e+02 7.856635e-02
9.523550e+02 1.058229e-01
9.526550e+02 1.548914e-01
9.529550e+02 2.224879e-01
9.532550e+02 2.628439e-01
