9.502550e+02 1.367329e-01
9.505550e+02 4.790480e-01
9.508550e+02 2.847294e-01
9.511550e+02 5.318538e-02
9.514550e+02 1.865252e-02
9.516750e+02 1.404310e-02
9.517050e+02 1.382867e-02
9.517350e+02 1.487162e-02
9.517550e+02 1.552534e-02
9.517650e+02 1.547649e-02
9.517950e+02 2.527988e-02
9.518250e+02 2.256100e-02
9.518550e+02 2.952612e-02
9.518850e+02 6.934787e-02
9.519150e+02 1.056352e-01
9.519450e+02 1.202496e-01
9.519750e+02 9.112254e-02
9.520050e+02 6.922809e-02
9.520350e+02 6.650571e-02
9.520550e+02 5.652221e-02
9.520650e+02 5.500575e-02
9.520950e+02 4.974715e-02
9.521250e+02 4.240571e-02
9.521550e+02 4.037280e-02
9.521850e+02 3.894860e-02
9.523550e+02 3.948076e-02
9.526550e+02 1.270881e-01
9.529550e+02 3.291911e-01
9.532550e+02 6.323868e-01
