9.502550e+02 1.246315e-01
9.505550e+02 4.134291e-01
9.508550e+02 3.617185e-01
9.511550e+02 5.646672e-02
9.514550e+02 1.733172e-02
9.516750e+02 1.163467e-02
9.517050e+02 1.198482e-02
9.517350e+02 1.364166e-02
9.517550e+02 1.247166e-02
9.517650e+02 1.376631e-02
9.517950e+02 1.690559e-02
9.518250e+02 1.899615e-02
9.518550e+02 3.509910e-02
9.518850e+02 6.094401e-02
9.519150e+02 8.680598e-02
9.519450e+02 7.755782e-02
9.519750e+02 6.875489e-02
9.520050e+02 2.117283e-02
9.520350e+02 4.254227e-02
9.520550e+02 4.048293e-02
9.520650e+02 4.263609e-02
9.520950e+02 1.985337e-02
9.521250e+02 3.642384e-02
9.521550e+02 4.035499e-02
9.521850e+02 3.871668e-02
9.523550e+02 8.470733e-02
9.526550e+02 1.386876e-01
9.529550e+02 3.610517e-01
9.532550e+02 3.941455e-01
