9.502550e+02 1.156436e-01
9.505550e+02 3.319221e-01
9.508550e+02 4.456451e-01
9.511550e+02 6.393217e-02
9.514550e+02 1.685756e-02
9.516750e+02 1.075728e-02
9.517050e+02 1.053820e-02
9.517350e+02 1.107269e-02
9.517550e+02 1.098947e-02
9.517650e+02 1.061805e-02
9.517950e+02 1.280967e-02
9.518250e+02 1.520291e-02
9.518550e+02 2.367964e-02
9.518850e+02 3.538196e-02
9.519150e+02 6.628664e-02
9.519450e+02 7.315093e-02
9.519750e+02 8.775328e-02
9.520050e+02 7.740561e-02
9.520350e+02 6.105387e-02
9.520550e+02 5.212113e-02
9.520650e+02 4.692322e-02
9.520950e+02 4.879357e-02
9.521250e+02 4.407183e-02
9.521550e+02 5.047160e-02
9.521850e+02 4.603890e-02
9.523550e+02 4.520970e-02
9.526550e+02 1.231692e-01
9.529550e+02 2.930325e-01
9.532550e+02 6.184439e-01
