9.502550e+02 1.371997e-01
9.505550e+02 4.741729e-01
9.508550e+02 3.156763e-01
9.511550e+02 5.217920e-02
9.514550e+02 1.791045e-02
9.516750e+02 1.353513e-02
9.517050e+02 1.456421e-02
9.517350e+02 1.660935e-02
9.517550e+02 1.626154e-02
9.517650e+02 1.764531e-02
9.517950e+02 2.451535e-02
9.518250e+02 3.392879e-02
9.518550e+02 4.656606e-02
9.518850e+02 7.889428e-02
9.519150e+02 1.031254e-01
9.519450e+02 1.033043e-01
9.519750e+02 8.230606e-02
9.520050e+02 7.038100e-02
9.520350e+02 6.045414e-02
9.520550e+02 4.919159e-02
9.520650e+02 4.645074e-02
9.520950e+02 4.471967e-02
9.521250e+02 3.825858e-02
9.521550e+02 3.754266e-02
9.521850e+02 2.604341e-02
9.523550e+02 3.559348e-02
9.526550e+02 1.300375e-01
9.529550e+02 3.480778e-01
9.532550e+02 6.550624e-01
