9.502550e+02 1.335985e-01
9.505550e+02 4.300434e-01
9.508550e+02 3.716431e-01
9.511550e+02 5.471827e-02
9.514550e+02 1.851105e-02
9.516750e+02 1.192897e-02
9.517050e+02 1.271332e-02
9.517350e+02 1.258158e-02
9.517550e+02 1.387175e-02
9.517650e+02 1.416770e-02
9.517950e+02 2.238203e-02
9.518250e+02 3.423873e-02
9.518550e+02 3.433286e-02
9.518850e+02 5.314171e-02
9.519150e+02 9.928336e-02
9.519450e+02 1.090843e-01
9.519750e+02 9.281114e-02
9.520050e+02 7.202797e-02
9.520350e+02 5.609874e-02
9.520550e+02 5.954600e-02
9.520650e+02 4.420536e-02
9.520950e+02 4.093934e-02
9.521250e+02 4.887156e-02
9.521550e+02 3.850534e-02
9.521850e+02 3.655788e-02
9.523550e+02 4.329604e-02
9.526550e+02 1.275560e-01
9.529550e+02 3.270051e-01
9.532550e+02 6.464630e-01
