9.502550e+02 1.413805e-01
9.505550e+02 4.544072e-01
9.508550e+02 3.617119e-01
9.511550e+02 5.287209e-02
9.514550e+02 1.832682e-02
9.516750e+02 1.223494e-02
9.517050e+02 1.402084e-02
9.517350e+02 1.376637e-02
9.517550e+02 1.410196e-02
9.517650e+02 1.510470e-02
9.517950e+02 2.257556e-02
9.518250e+02 2.780386e-02
9.518550e+02 3.007700e-02
9.518850e+02 6.329866e-02
9.519150e+02 1.071486e-01
9.519450e+02 8.337710e-02
9.519750e+02 8.981233e-02
9.520050e+02 7.151766e-02
9.520350e+02 5.026534e-02
9.520550e+02 5.430415e-02
9.520650e+02 4.615094e-02
9.520950e+02 4.568698e-02
9.521250e+02 4.762103e-02
9.521550e+02 3.476275e-02
9.521850e+02 2.808028e-02
9.523550e+02 3.955238e-02
9.526550e+02 1.298415e-01
9.529550e+02 3.607090e-01
9.532550e+02 6.382713e-01
