9.480000e+02 5.876281e-01
9.482000e+02 5.686318e-01
9.484000e+02 5.541187e-01
9.486000e+02 5.541796e-01
9.488000e+02 5.452134e-01
9.490000e+02 5.487422e-01
9.492000e+02 5.387550e-01
9.494000e+02 5.391294e-01
9.496000e+02 5.464486e-01
9.498000e+02 5.233501e-01
9.500000e+02 5.173008e-01
9.502000e+02 5.102858e-01
9.504000e+02 4.980704e-01
9.506000e+02 4.704646e-01
9.508000e+02 4.544070e-01
9.510000e+02 4.286279e-01
9.512000e+02 3.812985e-01
9.514000e+02 3.415981e-01
9.516000e+02 2.506768e-01
9.518000e+02 1.651082e-01
9.520000e+02 6.485682e-02
9.522000e+02 7.684372e-02
9.524000e+02 2.389566e-01
9.526000e+02 4.264355e-01
9.528000e+02 5.217408e-01
9.530000e+02 6.055565e-01
9.532000e+02 6.245183e-01
9.534000e+02 6.760562e-01
9.536000e+02 6.654772e-01
9.538000e+02 6.746658e-01
9.540000e+02 6.866783e-01
9.542000e+02 6.779667e-01
9.544000e+02 6.923573e-01
9.546000e+02 6.736217e-01
9.548000e+02 6.899465e-01
9.550000e+02 6.551902e-01
