9.480000e+02 5.604198e-01
9.482000e+02 5.019439e-01
9.484000e+02 5.063593e-01
9.486000e+02 5.058351e-01
9.488000e+02 5.118690e-01
9.490000e+02 5.157423e-01
9.492000e+02 5.239269e-01
9.494000e+02 5.242550e-01
9.496000e+02 5.108243e-01
9.498000e+02 5.107045e-01
9.500000e+02 5.031479e-01
9.502000e+02 4.821513e-01
9.504000e+02 4.702118e-01
9.506000e+02 4.399110e-01
9.508000e+02 4.053736e-01
9.510000e+02 3.643035e-01
9.512000e+02 2.908132e-01
9.514000e+02 2.069973e-01
9.516000e+02 9.619559e-02
9.518000e+02 4.487281e-02
9.520000e+02 1.501739e-01
9.522000e+02 3.505807e-01
9.524000e+02 4.985460e-01
9.526000e+02 5.862872e-01
9.528000e+02 6.356234e-01
9.530000e+02 6.663633e-01
9.532000e+02 6.920419e-01
9.534000e+02 6.854482e-01
9.536000e+02 6.942897e-01
9.538000e+02 6.965441e-01
9.540000e+02 6.988032e-01
9.542000e+02 6.954387e-01
9.544000e+02 6.943606e-01
9.546000e+02 6.923641e-01
9.548000e+02 6.927931e-01
9.550000e+02 6.823575e-01
