9.500400e+02 1.502249e-01
9.502900e+02 1.561399e-01
9.505400e+02 1.642912e-01
9.507900e+02 1.696576e-01
9.510400e+02 1.755194e-01
9.512900e+02 1.701545e-01
9.515400e+02 1.625322e-01
9.517050e+02 1.192257e-01
9.517350e+02 8.914936e-02
9.517650e+02 1.128632e-01
9.517900e+02 1.181690e-01
9.517950e+02 1.103079e-01
9.518250e+02 1.217204e-01
9.518550e+02 1.373680e-01
9.518850e+02 1.802002e-01
9.519150e+02 1.617260e-01
9.519450e+02 2.235155e-01
9.519750e+02 2.068983e-01
9.520050e+02 1.805271e-01
9.520350e+02 1.711875e-01
9.520400e+02 1.577246e-01
9.520650e+02 1.578621e-01
9.520950e+02 1.620001e-01
9.521250e+02 1.647417e-01
9.522900e+02 2.432958e-01
9.525400e+02 2.824178e-01
9.527900e+02 3.687485e-01
9.530400e+02 3.733076e-01
