9.500400e+02 1.426057e-01
9.502900e+02 1.450002e-01
9.505400e+02 1.531828e-01
9.507900e+02 1.599134e-01
9.510400e+02 1.562412e-01
9.512900e+02 1.465745e-01
9.515400e+02 1.279891e-01
9.517050e+02 9.816822e-02
9.517350e+02 7.761426e-02
9.517650e+02 9.348161e-02
9.517900e+02 8.596534e-02
9.517950e+02 1.027835e-01
9.518250e+02 9.635129e-02
9.518550e+02 1.076812e-01
9.518850e+02 1.595409e-01
9.519150e+02 1.697436e-01
9.519450e+02 2.104557e-01
9.519750e+02 1.657880e-01
9.520050e+02 2.073012e-01
9.520350e+02 1.865994e-01
9.520400e+02 1.888873e-01
9.520650e+02 1.681382e-01
9.520950e+02 1.720942e-01
9.521250e+02 1.705293e-01
9.522900e+02 2.676027e-01
9.525400e+02 3.133935e-01
9.527900e+02 4.045669e-01
9.530400e+02 4.147883e-01
