9.500400e+02 1.438145e-01
9.502900e+02 1.470077e-01
9.505400e+02 1.503810e-01
9.507900e+02 1.502813e-01
9.510400e+02 1.554355e-01
9.512900e+02 1.534922e-01
9.515400e+02 1.195883e-01
9.517050e+02 8.118606e-02
9.517350e+02 8.268671e-02
9.517650e+02 8.406200e-02
9.517900e+02 7.368010e-02
9.517950e+02 7.114450e-02
9.518250e+02 8.201378e-02
9.518550e+02 1.171464e-01
9.518850e+02 1.499137e-01
9.519150e+02 1.500673e-01
9.519450e+02 2.200633e-01
9.519750e+02 2.495826e-01
9.520050e+02 1.602186e-01
9.520350e+02 1.960698e-01
9.520400e+02 1.841687e-01
9.520650e+02 1.804873e-01
9.520950e+02 1.772898e-01
9.521250e+02 1.635050e-01
9.522900e+02 2.675782e-01
9.525400e+02 3.154963e-01
9.527900e+02 4.036641e-01
9.530400e+02 4.173545e-01
