9.500400e+02 1.356936e-01
9.502900e+02 1.344292e-01
9.505400e+02 1.369791e-01
9.507900e+02 1.349190e-01
9.510400e+02 1.381403e-01
9.512900e+02 1.255623e-01
9.515400e+02 1.024580e-01
9.517050e+02 7.784346e-02
9.517350e+02 6.594316e-02
9.517650e+02 7.636508e-02
9.517900e+02 6.331952e-02
9.517950e+02 5.823619e-02
9.518250e+02 6.274055e-02
9.518550e+02 8.056015e-02
9.518850e+02 1.194978e-01
9.519150e+02 1.348365e-01
9.519450e+02 1.715973e-01
9.519750e+02 1.486859e-01
9.520050e+02 1.946501e-01
9.520350e+02 2.229617e-01
9.520400e+02 2.312175e-01
9.520650e+02 1.886477e-01
9.520950e+02 1.760270e-01
9.521250e+02 1.738597e-01
9.522900e+02 2.910973e-01
9.525400e+02 3.496138e-01
9.527900e+02 4.502913e-01
9.530400e+02 4.514977e-01
