9.500400e+02 1.349750e-01
9.502900e+02 1.305406e-01
9.505400e+02 1.313400e-01
9.507900e+02 1.351184e-01
9.510400e+02 1.300550e-01
9.512900e+02 1.280949e-01
9.515400e+02 9.189026e-02
9.517050e+02 6.504795e-02
9.517350e+02 5.966089e-02
9.517650e+02 6.339743e-02
9.517900e+02 5.648780e-02
9.517950e+02 5.542691e-02
9.518250e+02 5.807575e-02
9.518550e+02 7.667253e-02
9.518850e+02 9.218496e-02
9.519150e+02 1.404090e-01
9.519450e+02 1.586059e-01
9.519750e+02 1.910738e-01
9.520050e+02 1.930704e-01
9.520350e+02 1.773941e-01
9.520400e+02 2.128611e-01
9.520650e+02 1.832952e-01
9.520950e+02 1.769925e-01
9.521250e+02 1.734408e-01
9.522900e+02 2.918178e-01
9.525400e+02 3.594698e-01
9.527900e+02 4.578143e-01
9.530400e+02 4.658897e-01
