9.500400e+02 1.479994e-01
9.502900e+02 1.509246e-01
9.505400e+02 1.599715e-01
9.507900e+02 1.652905e-01
9.510400e+02 1.787242e-01
9.512900e+02 1.728250e-01
9.515400e+02 1.489609e-01
9.517050e+02 9.393023e-02
9.517350e+02 8.577944e-02
9.517650e+02 9.170067e-02
9.517900e+02 8.529972e-02
9.517950e+02 9.158233e-02
9.518250e+02 1.238784e-01
9.518550e+02 1.505198e-01
9.518850e+02 1.776429e-01
9.519150e+02 1.574220e-01
9.519450e+02 2.028527e-01
9.519750e+02 2.083681e-01
9.520050e+02 1.822109e-01
9.520350e+02 1.763756e-01
9.520400e+02 1.576421e-01
9.520650e+02 1.563349e-01
9.520950e+02 1.669223e-01
9.521250e+02 1.659449e-01
9.522900e+02 2.468045e-01
9.525400e+02 2.824842e-01
9.527900e+02 3.637645e-01
9.530400e+02 3.708809e-01
