9.500400e+02 1.468483e-01
9.502900e+02 1.479658e-01
9.505400e+02 1.498504e-01
9.507900e+02 1.584189e-01
9.510400e+02 1.581249e-01
9.512900e+02 1.476513e-01
9.515400e+02 1.197780e-01
9.517050e+02 8.080140e-02
9.517350e+02 8.524574e-02
9.517650e+02 7.620421e-02
9.517900e+02 8.072560e-02
9.517950e+02 6.908786e-02
9.518250e+02 9.263758e-02
9.518550e+02 1.207299e-01
9.518850e+02 1.628378e-01
9.519150e+02 1.714398e-01
9.519450e+02 1.822032e-01
9.519750e+02 2.245640e-01
9.520050e+02 2.182572e-01
9.520350e+02 1.867005e-01
9.520400e+02 1.861794e-01
9.520650e+02 1.774470e-01
9.520950e+02 1.640985e-01
9.521250e+02 1.660850e-01
9.522900e+02 2.692429e-01
9.525400e+02 3.031002e-01
9.527900e+02 3.953074e-01
9.530400e+02 3.936999e-01
