9.500400e+02 4.667954e-01
9.502900e+02 6.973577e-01
9.505400e+02 3.579076e-01
9.507900e+02 1.305444e-01
9.510400e+02 6.969337e-02
9.512900e+02 4.787913e-02
9.515400e+02 4.629805e-02
9.517900e+02 4.908393e-02
9.518000e+02 4.852484e-02
9.518200e+02 5.247520e-02
9.518400e+02 5.917040e-02
9.518600e+02 7.120714e-02
9.518800e+02 9.784754e-02
9.519000e+02 1.085097e-01
9.519200e+02 1.518646e-01
9.519400e+02 1.810137e-01
9.519600e+02 1.355560e-01
9.519800e+02 2.052987e-01
9.520000e+02 1.637044e-01
9.520200e+02 2.096914e-01
9.520400e+02 1.890322e-01
9.520400e+02 1.918945e-01
9.520600e+02 1.778384e-01
9.520800e+02 1.678333e-01
9.521000e+02 1.633095e-01
9.522900e+02 1.428996e-01
9.525400e+02 1.336738e-01
9.527900e+02 1.725550e-01
9.530400e+02 2.136641e-01
