9.500400e+02 4.614180e-01
9.502900e+02 6.857972e-01
9.505400e+02 3.667695e-01
9.507900e+02 1.353067e-01
9.510400e+02 6.927768e-02
9.512900e+02 4.675285e-02
9.515400e+02 4.363688e-02
9.517900e+02 4.828660e-02
9.518000e+02 4.871995e-02
9.518200e+02 5.258908e-02
9.518400e+02 6.099162e-02
9.518600e+02 7.403162e-02
9.518800e+02 1.144944e-01
9.519000e+02 1.252750e-01
9.519200e+02 1.500620e-01
9.519400e+02 1.581268e-01
9.519600e+02 1.415499e-01
9.519800e+02 2.282933e-01
9.520000e+02 2.167226e-01
9.520200e+02 1.729005e-01
9.520400e+02 1.836463e-01
9.520400e+02 1.856814e-01
9.520600e+02 1.812081e-01
9.520800e+02 1.698614e-01
9.521000e+02 1.588379e-01
9.522900e+02 1.392850e-01
9.525400e+02 1.322855e-01
9.527900e+02 1.725919e-01
9.530400e+02 2.148515e-01
