9.500400e+02 4.366899e-01
9.502900e+02 7.075289e-01
9.505400e+02 3.876991e-01
9.507900e+02 1.414014e-01
9.510400e+02 6.968075e-02
9.512900e+02 4.680068e-02
9.515400e+02 4.185628e-02
9.517900e+02 4.536143e-02
9.518000e+02 4.647764e-02
9.518200e+02 6.926647e-02
9.518400e+02 5.827200e-02
9.518600e+02 6.979635e-02
9.518800e+02 8.028493e-02
9.519000e+02 1.060214e-01
9.519200e+02 1.421418e-01
9.519400e+02 1.533414e-01
9.519600e+02 1.442893e-01
9.519800e+02 1.599724e-01
9.520000e+02 2.344677e-01
9.520200e+02 2.028860e-01
9.520400e+02 1.886542e-01
9.520400e+02 1.957523e-01
9.520600e+02 1.739988e-01
9.520800e+02 1.595598e-01
9.521000e+02 1.583833e-01
9.522900e+02 1.424401e-01
9.525400e+02 1.320791e-01
9.527900e+02 1.761398e-01
9.530400e+02 2.156209e-01
