9.500400e+02 4.036456e-01
9.502900e+02 6.966011e-01
9.505400e+02 4.091333e-01
9.507900e+02 1.507255e-01
9.510400e+02 7.576916e-02
9.512900e+02 4.606241e-02
9.515400e+02 3.875748e-02
9.517900e+02 4.371825e-02
9.518000e+02 4.412554e-02
9.518200e+02 4.780897e-02
9.518400e+02 5.976559e-02
9.518600e+02 7.044205e-02
9.518800e+02 7.643810e-02
9.519000e+02 9.231145e-02
9.519200e+02 1.144370e-01
9.519400e+02 1.470912e-01
9.519600e+02 2.011259e-01
9.519800e+02 2.171661e-01
9.520000e+02 1.634104e-01
9.520200e+02 2.135991e-01
9.520400e+02 1.989548e-01
9.520400e+02 1.874359e-01
9.520600e+02 1.853802e-01
9.520800e+02 1.704866e-01
9.521000e+02 1.719803e-01
9.522900e+02 1.470501e-01
9.525400e+02 1.343226e-01
9.527900e+02 1.721062e-01
9.530400e+02 2.120769e-01
