9.500400e+02 4.980831e-01
9.502900e+02 6.998724e-01
9.505400e+02 3.342495e-01
9.507900e+02 1.252004e-01
9.510400e+02 6.750632e-02
9.512900e+02 4.908290e-02
9.515400e+02 4.666857e-02
9.517900e+02 5.405537e-02
9.518000e+02 5.470577e-02
9.518200e+02 6.981551e-02
9.518400e+02 7.046674e-02
9.518600e+02 8.818469e-02
9.518800e+02 1.180842e-01
9.519000e+02 1.403706e-01
9.519200e+02 1.858895e-01
9.519400e+02 1.598990e-01
9.519600e+02 2.102459e-01
9.519800e+02 2.156549e-01
9.520000e+02 1.704131e-01
9.520200e+02 1.700255e-01
9.520400e+02 1.548229e-01
9.520400e+02 1.499154e-01
9.520600e+02 1.475725e-01
9.520800e+02 1.491466e-01
9.521000e+02 1.484425e-01
9.522900e+02 1.098983e-01
9.525400e+02 1.213207e-01
9.527900e+02 1.706231e-01
9.530400e+02 2.238322e-01
