9.500400e+02 4.188334e-01
9.502900e+02 7.233653e-01
9.505400e+02 3.866045e-01
9.507900e+02 1.476112e-01
9.510400e+02 7.104577e-02
9.512900e+02 4.562874e-02
9.515400e+02 3.816467e-02
9.517900e+02 4.254184e-02
9.518000e+02 4.353728e-02
9.518200e+02 4.672333e-02
9.518400e+02 6.004141e-02
9.518600e+02 8.024898e-02
9.518800e+02 7.927729e-02
9.519000e+02 9.684729e-02
9.519200e+02 1.313964e-01
9.519400e+02 1.621850e-01
9.519600e+02 1.945303e-01
9.519800e+02 2.110641e-01
9.520000e+02 2.173010e-01
9.520200e+02 1.591763e-01
9.520400e+02 1.841930e-01
9.520400e+02 1.820459e-01
9.520600e+02 1.685557e-01
9.520800e+02 1.634717e-01
9.521000e+02 1.717161e-01
9.522900e+02 1.406562e-01
9.525400e+02 1.308888e-01
9.527900e+02 1.744427e-01
9.530400e+02 2.146241e-01
