9.500400e+02 2.371868e-01
9.502900e+02 6.925332e-01
9.505400e+02 1.393669e-01
9.507900e+02 9.174971e-02
9.510400e+02 2.887387e-01
9.512900e+02 2.259372e-01
9.515400e+02 2.362834e-02
9.517900e+02 1.880878e-02
9.518000e+02 1.919923e-02
9.518200e+02 2.076677e-02
9.518400e+02 2.472034e-02
9.518600e+02 3.111111e-02
9.518800e+02 3.891971e-02
9.519000e+02 4.744596e-02
9.519200e+02 5.872626e-02
9.519400e+02 7.660724e-02
9.519600e+02 1.143831e-01
9.519800e+02 1.535053e-01
9.520000e+02 1.828917e-01
9.520200e+02 2.131439e-01
9.520400e+02 1.909238e-01
9.520400e+02 2.102224e-01
9.520600e+02 1.827332e-01
9.520800e+02 1.722085e-01
9.521000e+02 1.653547e-01
9.522900e+02 6.917899e-02
9.525400e+02 1.116850e-01
9.527900e+02 4.814090e-01
9.530400e+02 5.291596e-01
