9.500400e+02 2.727314e-01
9.502900e+02 6.055868e-01
9.505400e+02 1.259101e-01
9.507900e+02 9.990408e-02
9.510400e+02 3.831758e-01
9.512900e+02 1.328398e-01
9.515400e+02 2.225359e-02
9.517900e+02 2.552204e-02
9.518000e+02 2.540695e-02
9.518200e+02 2.881974e-02
9.518400e+02 3.499125e-02
9.518600e+02 4.520256e-02
9.518800e+02 5.467043e-02
9.519000e+02 7.034543e-02
9.519200e+02 1.057111e-01
9.519400e+02 1.428348e-01
9.519600e+02 2.006093e-01
9.519800e+02 1.578253e-01
9.520000e+02 1.923782e-01
9.520200e+02 1.764484e-01
9.520400e+02 1.606899e-01
9.520400e+02 1.545979e-01
9.520600e+02 1.488221e-01
9.520800e+02 1.393866e-01
9.521000e+02 1.409569e-01
9.522900e+02 5.695612e-02
9.525400e+02 1.323467e-01
9.527900e+02 6.047119e-01
9.530400e+02 4.213056e-01
