9.500400e+02 2.949357e-01
9.502900e+02 5.722315e-01
9.505400e+02 1.207809e-01
9.507900e+02 1.059857e-01
9.510400e+02 4.203104e-01
9.512900e+02 1.343571e-01
9.515400e+02 2.293880e-02
9.517900e+02 2.729469e-02
9.518000e+02 3.022694e-02
9.518200e+02 3.410000e-02
9.518400e+02 4.042681e-02
9.518600e+02 5.533485e-02
9.518800e+02 6.879126e-02
9.519000e+02 8.817110e-02
9.519200e+02 1.324553e-01
9.519400e+02 1.552298e-01
9.519600e+02 2.030702e-01
9.519800e+02 2.006129e-01
9.520000e+02 1.716144e-01
9.520200e+02 1.520323e-01
9.520400e+02 1.394384e-01
9.520400e+02 1.411288e-01
9.520600e+02 1.309034e-01
9.520800e+02 1.345769e-01
9.521000e+02 1.161874e-01
9.522900e+02 5.165218e-02
9.525400e+02 1.395305e-01
9.527900e+02 6.231287e-01
9.530400e+02 3.838436e-01
