9.500400e+02 2.902650e-01
9.502900e+02 5.646749e-01
9.505400e+02 1.209395e-01
9.507900e+02 1.054785e-01
9.510400e+02 4.511848e-01
9.512900e+02 1.153065e-01
9.515400e+02 2.214683e-02
9.517900e+02 2.971689e-02
9.518000e+02 2.930651e-02
9.518200e+02 3.348684e-02
9.518400e+02 4.041062e-02
9.518600e+02 5.314147e-02
9.518800e+02 6.984156e-02
9.519000e+02 1.052580e-01
9.519200e+02 1.478228e-01
9.519400e+02 1.831958e-01
9.519600e+02 2.245541e-01
9.519800e+02 1.851126e-01
9.520000e+02 1.586188e-01
9.520200e+02 1.407973e-01
9.520400e+02 1.333977e-01
9.520400e+02 1.406266e-01
9.520600e+02 1.401408e-01
9.520800e+02 1.217093e-01
9.521000e+02 1.085079e-01
9.522900e+02 5.001231e-02
9.525400e+02 1.416152e-01
9.527900e+02 6.379293e-01
9.530400e+02 3.637587e-01
