9.500400e+02 2.721026e-01
9.502900e+02 5.858903e-01
9.505400e+02 1.251765e-01
9.507900e+02 1.055700e-01
9.510400e+02 3.841157e-01
9.512900e+02 1.347140e-01
9.515400e+02 2.282158e-02
9.517900e+02 2.503511e-02
9.518000e+02 2.634510e-02
9.518200e+02 3.040473e-02
9.518400e+02 3.930723e-02
9.518600e+02 4.819563e-02
9.518800e+02 5.794128e-02
9.519000e+02 1.032625e-01
9.519200e+02 1.221542e-01
9.519400e+02 1.624323e-01
9.519600e+02 1.782374e-01
9.519800e+02 2.152664e-01
9.520000e+02 1.794915e-01
9.520200e+02 1.522161e-01
9.520400e+02 1.453592e-01
9.520400e+02 1.468567e-01
9.520600e+02 1.436333e-01
9.520800e+02 1.318067e-01
9.521000e+02 1.221185e-01
9.522900e+02 5.277175e-02
9.525400e+02 1.359251e-01
9.527900e+02 6.346289e-01
9.530400e+02 3.845118e-01
