9.500400e+02 2.506300e-01
9.502900e+02 6.607596e-01
9.505400e+02 1.344382e-01
9.507900e+02 9.492817e-02
9.510400e+02 3.269477e-01
9.512900e+02 1.826547e-01
9.515400e+02 2.404687e-02
9.517900e+02 2.023093e-02
9.518000e+02 2.019860e-02
9.518200e+02 2.320569e-02
9.518400e+02 2.699448e-02
9.518600e+02 3.463347e-02
9.518800e+02 4.635852e-02
9.519000e+02 5.740416e-02
9.519200e+02 6.833298e-02
9.519400e+02 9.166319e-02
9.519600e+02 1.298767e-01
9.519800e+02 1.765768e-01
9.520000e+02 2.138123e-01
9.520200e+02 2.256565e-01
9.520400e+02 1.811332e-01
9.520400e+02 1.858763e-01
9.520600e+02 1.699613e-01
9.520800e+02 1.627588e-01
9.521000e+02 1.683700e-01
9.522900e+02 6.559479e-02
9.525400e+02 1.167102e-01
9.527900e+02 5.210402e-01
9.530400e+02 4.976657e-01
