9.502550e+02 3.229499e-01
9.505550e+02 8.862480e-02
9.508550e+02 1.305863e-01
9.511550e+02 4.195005e-01
9.514550e+02 2.130154e-02
9.516750e+02 6.568144e-03
9.517050e+02 6.513244e-03
9.517350e+02 6.313600e-03
9.517550e+02 6.290316e-03
9.517650e+02 6.610504e-03
9.517950e+02 9.123594e-03
9.518250e+02 1.042496e-02
9.518550e+02 1.123280e-02
9.518850e+02 1.751919e-02
9.519150e+02 4.017540e-02
9.519450e+02 6.663894e-02
9.519750e+02 7.047908e-02
9.520050e+02 6.495925e-02
9.520350e+02 5.701423e-02
9.520550e+02 4.963107e-02
9.520650e+02 5.015629e-02
9.520950e+02 4.717093e-02
9.521250e+02 4.743929e-02
9.521550e+02 4.394989e-02
9.521850e+02 3.790548e-02
9.523550e+02 3.717616e-02
9.526550e+02 1.621278e-01
9.529550e+02 6.155210e-01
9.532550e+02 3.644245e-01
