9.502550e+02 3.386804e-01
9.505550e+02 8.424321e-02
9.508550e+02 1.399922e-01
9.511550e+02 3.922492e-01
9.514550e+02 2.009498e-02
9.516750e+02 6.768125e-03
9.517050e+02 7.656579e-03
9.517350e+02 7.782536e-03
9.517550e+02 7.404129e-03
9.517650e+02 7.449996e-03
9.517950e+02 1.028926e-02
9.518250e+02 1.079396e-02
9.518550e+02 1.281070e-02
9.518850e+02 1.962500e-02
9.519150e+02 5.033571e-02
9.519450e+02 6.751545e-02
9.519750e+02 8.477332e-02
9.520050e+02 7.225781e-02
9.520350e+02 5.974185e-02
9.520550e+02 5.405782e-02
9.520650e+02 4.920692e-02
9.520950e+02 4.953707e-02
9.521250e+02 5.011149e-02
9.521550e+02 3.766820e-02
9.521850e+02 3.507202e-02
9.523550e+02 3.468051e-02
9.526550e+02 1.779575e-01
9.529550e+02 6.268309e-01
9.532550e+02 3.253380e-01
