9.502550e+02 2.763623e-01
9.505550e+02 8.685495e-02
9.508550e+02 1.739589e-01
9.511550e+02 3.240551e-01
9.514550e+02 1.936731e-02
9.516750e+02 8.452536e-03
9.517050e+02 7.784932e-03
9.517350e+02 8.552754e-03
9.517550e+02 7.545495e-03
9.517650e+02 8.783344e-03
9.517950e+02 1.184077e-02
9.518250e+02 1.218730e-02
9.518550e+02 2.099822e-02
9.518850e+02 4.455596e-02
9.519150e+02 6.700795e-02
9.519450e+02 7.656218e-02
9.519750e+02 5.619504e-02
9.520050e+02 6.826547e-02
9.520350e+02 6.100202e-02
9.520550e+02 5.168798e-02
9.520650e+02 5.108884e-02
9.520950e+02 3.680032e-02
9.521250e+02 4.005026e-02
9.521550e+02 3.274243e-02
9.521850e+02 2.326056e-02
9.523550e+02 3.262005e-02
9.526550e+02 1.987764e-01
9.529550e+02 6.311252e-01
9.532550e+02 2.987189e-01
