9.502550e+02 3.105519e-01
9.505550e+02 8.650832e-02
9.508550e+02 1.477689e-01
9.511550e+02 3.751398e-01
9.514550e+02 1.999287e-02
9.516750e+02 7.384168e-03
9.517050e+02 7.599562e-03
9.517350e+02 7.665427e-03
9.517550e+02 7.351747e-03
9.517650e+02 6.918857e-03
9.517950e+02 1.047757e-02
9.518250e+02 1.098371e-02
9.518550e+02 1.413970e-02
9.518850e+02 2.290424e-02
9.519150e+02 5.629180e-02
9.519450e+02 7.889091e-02
9.519750e+02 8.314565e-02
9.520050e+02 7.767930e-02
9.520350e+02 6.160676e-02
9.520550e+02 5.239427e-02
9.520650e+02 4.911684e-02
9.520950e+02 4.536379e-02
9.521250e+02 4.472843e-02
9.521550e+02 3.487710e-02
9.521850e+02 3.201051e-02
9.523550e+02 3.325883e-02
9.526550e+02 1.897306e-01
9.529550e+02 6.351084e-01
9.532550e+02 3.075846e-01
