9.502550e+02 2.839619e-01
9.505550e+02 8.653813e-02
9.508550e+02 1.887941e-01
9.511550e+02 3.287270e-01
9.514550e+02 1.940740e-02
9.516750e+02 7.988938e-03
9.517050e+02 7.865874e-03
9.517350e+02 8.755567e-03
9.517550e+02 8.595397e-03
9.517650e+02 8.054471e-03
9.517950e+02 1.205249e-02
9.518250e+02 1.423473e-02
9.518550e+02 1.981442e-02
9.518850e+02 3.291714e-02
9.519150e+02 7.163501e-02
9.519450e+02 9.332840e-02
9.519750e+02 9.876313e-02
9.520050e+02 7.158612e-02
9.520350e+02 6.159197e-02
9.520550e+02 5.022188e-02
9.520650e+02 4.684533e-02
9.520950e+02 4.224670e-02
9.521250e+02 3.429120e-02
9.521550e+02 2.966207e-02
9.521850e+02 2.201531e-02
9.523550e+02 3.017706e-02
9.526550e+02 2.190053e-01
9.529550e+02 5.794674e-01
9.532550e+02 2.834285e-01
