9.502550e+02 1.813955e-01
9.505550e+02 8.736780e-02
9.508550e+02 2.567887e-01
9.511550e+02 1.848600e-01
9.514550e+02 1.816799e-02
9.516750e+02 9.582820e-03
9.517050e+02 1.135943e-02
9.517350e+02 1.200031e-02
9.517550e+02 1.076828e-02
9.517650e+02 1.203014e-02
9.517950e+02 1.864811e-02
9.518250e+02 2.264412e-02
9.518550e+02 4.982134e-02
9.518850e+02 6.974723e-02
9.519150e+02 1.300887e-01
9.519450e+02 9.198326e-02
9.519750e+02 8.869942e-02
9.520050e+02 6.428019e-02
9.520350e+02 5.348060e-02
9.520550e+02 4.426872e-02
9.520650e+02 4.025369e-02
9.520950e+02 3.092742e-02
9.521250e+02 2.700317e-02
9.521550e+02 2.196030e-02
9.521850e+02 1.372248e-02
9.523550e+02 2.840296e-02
9.526550e+02 2.700305e-01
9.529550e+02 5.818550e-01
9.532550e+02 2.577792e-01
