9.502550e+02 2.358858e-01
9.505550e+02 8.251460e-02
9.508550e+02 1.885703e-01
9.511550e+02 2.920899e-01
9.514550e+02 1.888154e-02
9.516750e+02 7.596206e-03
9.517050e+02 9.033357e-03
9.517350e+02 8.571866e-03
9.517550e+02 7.686874e-03
9.517650e+02 7.909416e-03
9.517950e+02 1.228531e-02
9.518250e+02 1.569999e-02
9.518550e+02 2.561604e-02
9.518850e+02 3.673747e-02
9.519150e+02 6.768901e-02
9.519450e+02 1.236323e-01
9.519750e+02 9.271078e-02
9.520050e+02 7.412566e-02
9.520350e+02 6.233653e-02
9.520550e+02 5.055465e-02
9.520650e+02 4.452255e-02
9.520950e+02 3.892313e-02
9.521250e+02 3.332664e-02
9.521550e+02 2.671153e-02
9.521850e+02 1.791951e-02
9.523550e+02 2.922040e-02
9.526550e+02 2.315860e-01
9.529550e+02 5.947793e-01
9.532550e+02 2.829682e-01
