9.502550e+02 2.533910e-01
9.505550e+02 8.322256e-02
9.508550e+02 2.059643e-01
9.511550e+02 3.178166e-01
9.514550e+02 1.911900e-02
9.516750e+02 9.095464e-03
9.517050e+02 8.231673e-03
9.517350e+02 7.940466e-03
9.517550e+02 8.875370e-03
9.517650e+02 8.271022e-03
9.517950e+02 1.121756e-02
9.518250e+02 1.565558e-02
9.518550e+02 1.988959e-02
9.518850e+02 5.250434e-02
9.519150e+02 7.019061e-02
9.519450e+02 1.261213e-01
9.519750e+02 8.756672e-02
9.520050e+02 7.301956e-02
9.520350e+02 5.905053e-02
9.520550e+02 5.629808e-02
9.520650e+02 5.020951e-02
9.520950e+02 3.748528e-02
9.521250e+02 3.251868e-02
9.521550e+02 2.573377e-02
9.521850e+02 1.701897e-02
9.523550e+02 2.943100e-02
9.526550e+02 2.283116e-01
9.529550e+02 6.034538e-01
9.532550e+02 2.789757e-01
