9.500400e+02 3.110812e-01
9.502900e+02 3.095971e-01
9.505400e+02 3.155688e-01
9.507900e+02 3.077237e-01
9.510400e+02 2.831035e-01
9.512900e+02 2.331264e-01
9.515400e+02 1.824975e-01
9.517050e+02 9.125512e-02
9.517350e+02 9.115779e-02
9.517650e+02 8.701897e-02
9.517900e+02 8.886851e-02
9.517950e+02 9.756690e-02
9.518250e+02 1.036968e-01
9.518550e+02 1.204571e-01
9.518850e+02 1.613200e-01
9.519150e+02 2.010349e-01
9.519450e+02 2.147438e-01
9.519750e+02 2.351538e-01
9.520050e+02 2.086797e-01
9.520350e+02 2.037214e-01
9.520400e+02 1.985823e-01
9.520650e+02 1.768503e-01
9.520950e+02 1.632429e-01
9.521250e+02 1.687546e-01
9.522900e+02 3.046302e-01
9.525400e+02 4.007300e-01
9.527900e+02 5.600501e-01
9.530400e+02 6.088392e-01
