9.500400e+02 3.316595e-01
9.502900e+02 3.304595e-01
9.505400e+02 3.355939e-01
9.507900e+02 3.260400e-01
9.510400e+02 3.123860e-01
9.512900e+02 2.576249e-01
9.515400e+02 1.852401e-01
9.517900e+02 1.179517e-01
9.518000e+02 9.423755e-02
9.518200e+02 1.159778e-01
9.518400e+02 1.243335e-01
9.518600e+02 1.394631e-01
9.518800e+02 1.867599e-01
9.519000e+02 2.170385e-01
9.519200e+02 2.433618e-01
9.519400e+02 2.553828e-01
9.519600e+02 1.986902e-01
9.519800e+02 2.293464e-01
9.520000e+02 2.093363e-01
9.520200e+02 1.907838e-01
9.520400e+02 1.752329e-01
9.520400e+02 1.779354e-01
9.520600e+02 1.483627e-01
9.520800e+02 1.520360e-01
9.521000e+02 1.570598e-01
9.522900e+02 2.953464e-01
9.525400e+02 3.773854e-01
9.527900e+02 5.355511e-01
9.530400e+02 5.794835e-01
