9.500400e+02 3.298847e-01
9.502900e+02 3.309227e-01
9.505400e+02 3.302901e-01
9.507900e+02 3.211074e-01
9.510400e+02 3.025756e-01
9.512900e+02 2.557963e-01
9.515400e+02 1.875742e-01
9.517900e+02 9.243818e-02
9.518000e+02 9.374548e-02
9.518200e+02 1.082825e-01
9.518400e+02 1.246788e-01
9.518600e+02 1.556810e-01
9.518800e+02 1.736416e-01
9.519000e+02 2.106679e-01
9.519200e+02 2.051874e-01
9.519400e+02 2.303927e-01
9.519600e+02 2.414322e-01
9.519800e+02 2.028986e-01
9.520000e+02 1.988652e-01
9.520200e+02 1.898176e-01
9.520400e+02 1.804915e-01
9.520400e+02 1.791681e-01
9.520600e+02 1.710932e-01
9.520800e+02 1.578033e-01
9.521000e+02 1.532505e-01
9.522900e+02 2.941298e-01
9.525400e+02 3.772147e-01
9.527900e+02 5.375080e-01
9.530400e+02 5.775806e-01
