9.500400e+02 3.108410e-01
9.502900e+02 3.098002e-01
9.505400e+02 3.122733e-01
9.507900e+02 3.021959e-01
9.510400e+02 2.786732e-01
9.512900e+02 2.306135e-01
9.515400e+02 1.650827e-01
9.517900e+02 1.058784e-01
9.518000e+02 9.266148e-02
9.518200e+02 1.050535e-01
9.518400e+02 1.085873e-01
9.518600e+02 1.346975e-01
9.518800e+02 1.476286e-01
9.519000e+02 1.113316e-01
9.519200e+02 1.541277e-01
9.519400e+02 2.180837e-01
9.519600e+02 1.852322e-01
9.519800e+02 1.789599e-01
9.520000e+02 2.124649e-01
9.520200e+02 2.081900e-01
9.520400e+02 1.878193e-01
9.520400e+02 1.706033e-01
9.520600e+02 1.735626e-01
9.520800e+02 1.665050e-01
9.521000e+02 1.726157e-01
9.522900e+02 2.980136e-01
9.525400e+02 3.943132e-01
9.527900e+02 5.551751e-01
9.530400e+02 6.034464e-01
