9.500400e+02 3.287242e-01
9.502900e+02 3.286873e-01
9.505400e+02 3.381373e-01
9.507900e+02 3.360693e-01
9.510400e+02 2.959241e-01
9.512900e+02 2.614026e-01
9.515400e+02 1.790105e-01
9.517900e+02 9.375749e-02
9.518000e+02 1.145687e-01
9.518200e+02 1.158299e-01
9.518400e+02 1.268607e-01
9.518600e+02 1.580451e-01
9.518800e+02 1.801853e-01
9.519000e+02 2.201123e-01
9.519200e+02 1.910436e-01
9.519400e+02 2.065206e-01
9.519600e+02 1.924095e-01
9.519800e+02 2.197081e-01
9.520000e+02 2.046003e-01
9.520200e+02 1.869360e-01
9.520400e+02 1.703412e-01
9.520400e+02 1.718095e-01
9.520600e+02 1.711444e-01
9.520800e+02 1.470618e-01
9.521000e+02 1.639311e-01
9.522900e+02 2.943192e-01
9.525400e+02 3.746546e-01
9.527900e+02 5.316326e-01
9.530400e+02 5.786658e-01
