9.500400e+02 3.030043e-01
9.502900e+02 3.001640e-01
9.505400e+02 2.980463e-01
9.507900e+02 2.901045e-01
9.510400e+02 2.701845e-01
9.512900e+02 2.303425e-01
9.515400e+02 1.560372e-01
9.517900e+02 7.503234e-02
9.518000e+02 7.748828e-02
9.518200e+02 9.177472e-02
9.518400e+02 9.501983e-02
9.518600e+02 1.222173e-01
9.518800e+02 1.503691e-01
9.519000e+02 1.725231e-01
9.519200e+02 2.005195e-01
9.519400e+02 1.754510e-01
9.519600e+02 2.404849e-01
9.519800e+02 2.525318e-01
9.520000e+02 2.120482e-01
9.520200e+02 2.111183e-01
9.520400e+02 1.373008e-01
9.520400e+02 1.941355e-01
9.520600e+02 1.838543e-01
9.520800e+02 1.750862e-01
9.521000e+02 1.607831e-01
9.522900e+02 2.999896e-01
9.525400e+02 4.016135e-01
9.527900e+02 5.599066e-01
9.530400e+02 6.013340e-01
