9.500400e+02 3.171453e-01
9.502900e+02 3.181096e-01
9.505400e+02 3.150450e-01
9.507900e+02 3.095972e-01
9.510400e+02 2.982652e-01
9.512900e+02 2.438926e-01
9.515400e+02 1.621232e-01
9.517900e+02 8.132732e-02
9.518000e+02 9.543609e-02
9.518200e+02 9.994934e-02
9.518400e+02 1.097530e-01
9.518600e+02 1.371251e-01
9.518800e+02 1.599214e-01
9.519000e+02 1.835858e-01
9.519200e+02 1.890223e-01
9.519400e+02 1.925157e-01
9.519600e+02 2.421036e-01
9.519800e+02 2.454717e-01
9.520000e+02 2.150941e-01
9.520200e+02 2.093509e-01
9.520400e+02 1.878538e-01
9.520400e+02 1.900765e-01
9.520600e+02 1.801058e-01
9.520800e+02 1.600568e-01
9.521000e+02 1.639883e-01
9.522900e+02 2.903663e-01
9.525400e+02 3.898362e-01
9.527900e+02 5.526009e-01
9.530400e+02 5.981170e-01
