9.500400e+02 3.422642e-01
9.502900e+02 3.458348e-01
9.505400e+02 3.427510e-01
9.507900e+02 3.329097e-01
9.510400e+02 3.108152e-01
9.512900e+02 2.815471e-01
9.515400e+02 1.848483e-01
9.517050e+02 1.093311e-01
9.517350e+02 1.267750e-01
9.517650e+02 1.094254e-01
9.517900e+02 1.082072e-01
9.517950e+02 9.514347e-02
9.518250e+02 1.165462e-01
9.518550e+02 1.582748e-01
9.518850e+02 1.655645e-01
9.519150e+02 2.267869e-01
9.519450e+02 2.000108e-01
9.519750e+02 2.223108e-01
9.520050e+02 1.926280e-01
9.520350e+02 1.804625e-01
9.520400e+02 1.739022e-01
9.520650e+02 1.619869e-01
9.520950e+02 1.644090e-01
9.521250e+02 1.589915e-01
9.522900e+02 2.966780e-01
9.525400e+02 3.759157e-01
9.527900e+02 5.380408e-01
9.530400e+02 5.835528e-01
