9.500400e+02 3.390766e-01
9.502900e+02 3.383164e-01
9.505400e+02 3.408269e-01
9.507900e+02 3.426406e-01
9.510400e+02 3.160477e-01
9.512900e+02 2.754969e-01
9.515400e+02 1.902334e-01
9.517050e+02 1.206847e-01
9.517350e+02 1.254944e-01
9.517650e+02 9.559188e-02
9.517900e+02 1.061226e-01
9.517950e+02 1.215470e-01
9.518250e+02 1.239424e-01
9.518550e+02 1.464456e-01
9.518850e+02 2.048816e-01
9.519150e+02 2.001555e-01
9.519450e+02 2.166837e-01
9.519750e+02 1.976985e-01
9.520050e+02 1.734342e-01
9.520350e+02 1.809902e-01
9.520400e+02 1.754126e-01
9.520650e+02 1.746912e-01
9.520950e+02 1.530484e-01
9.521250e+02 1.558053e-01
9.522900e+02 2.920261e-01
9.525400e+02 3.774425e-01
9.527900e+02 5.360476e-01
9.530400e+02 5.799912e-01
