9.500400e+02 3.246647e-01
9.502900e+02 3.251141e-01
9.505400e+02 3.186272e-01
9.507900e+02 3.191262e-01
9.510400e+02 3.062920e-01
9.512900e+02 2.412325e-01
9.515400e+02 1.685438e-01
9.517050e+02 1.027866e-01
9.517350e+02 9.273661e-02
9.517650e+02 9.983650e-02
9.517900e+02 9.224167e-02
9.517950e+02 9.743217e-02
9.518250e+02 1.183122e-01
9.518550e+02 1.350781e-01
9.518850e+02 1.702066e-01
9.519150e+02 2.083868e-01
9.519450e+02 2.233120e-01
9.519750e+02 2.152785e-01
9.520050e+02 1.951260e-01
9.520350e+02 1.850530e-01
9.520400e+02 1.852840e-01
9.520650e+02 1.703722e-01
9.520950e+02 1.581924e-01
9.521250e+02 1.687871e-01
9.522900e+02 2.938991e-01
9.525400e+02 3.908956e-01
9.527900e+02 5.503061e-01
9.530400e+02 6.038565e-01
