9.502550e+02 1.813537e-01
9.505550e+02 2.070561e-01
9.508550e+02 1.759548e-01
9.511550e+02 1.577167e-01
9.514550e+02 1.201903e-01
9.516750e+02 7.591526e-02
9.517050e+02 5.941325e-02
9.517350e+02 6.436246e-02
9.517550e+02 4.593677e-02
9.517650e+02 4.871713e-02
9.517950e+02 6.055473e-02
9.518250e+02 6.728883e-02
9.518550e+02 7.746106e-02
9.518850e+02 1.103470e-01
9.519150e+02 1.398438e-01
9.519450e+02 1.069363e-01
9.519750e+02 1.044523e-01
9.520050e+02 9.230688e-02
9.520350e+02 6.959881e-02
9.520550e+02 6.031242e-02
9.520650e+02 5.510182e-02
9.520950e+02 5.607576e-02
9.521250e+02 6.484188e-02
9.521550e+02 7.530890e-02
9.521850e+02 1.062008e-01
9.523550e+02 2.627753e-01
9.526550e+02 4.344905e-01
9.529550e+02 5.841616e-01
9.532550e+02 5.903288e-01
