9.502550e+02 1.526333e-01
9.505550e+02 1.685173e-01
9.508550e+02 1.362478e-01
9.511550e+02 1.184843e-01
9.514550e+02 7.575029e-02
9.516750e+02 4.284684e-02
9.517050e+02 7.495438e-02
9.517350e+02 5.226682e-02
9.517550e+02 3.767487e-02
9.517650e+02 3.543877e-02
9.517950e+02 3.821533e-02
9.518250e+02 4.095119e-02
9.518550e+02 6.400000e-02
9.518850e+02 7.596399e-02
9.519150e+02 9.063210e-02
9.519450e+02 9.967178e-02
9.519750e+02 9.005972e-02
9.520050e+02 7.114282e-02
9.520350e+02 5.424267e-02
9.520550e+02 4.555523e-02
9.520650e+02 4.075628e-02
9.520950e+02 4.126754e-02
9.521250e+02 5.832045e-02
9.521550e+02 7.561967e-02
9.521850e+02 1.088860e-01
9.523550e+02 2.956379e-01
9.526550e+02 4.479495e-01
9.529550e+02 5.876099e-01
9.532550e+02 6.123229e-01
