9.502550e+02 1.953272e-01
9.505550e+02 2.119851e-01
9.508550e+02 1.838478e-01
9.511550e+02 2.047340e-01
9.514550e+02 2.094693e-01
9.516750e+02 1.137797e-01
9.517050e+02 1.020250e-01
9.517350e+02 7.307599e-02
9.517550e+02 6.488327e-02
9.517650e+02 5.805416e-02
9.517950e+02 6.843793e-02
9.518250e+02 7.580402e-02
9.518550e+02 8.848267e-02
9.518850e+02 1.002913e-01
9.519150e+02 1.024290e-01
9.519450e+02 1.183371e-01
9.519750e+02 1.065721e-01
9.520050e+02 8.275393e-02
9.520350e+02 7.037055e-02
9.520550e+02 5.714008e-02
9.520650e+02 6.082133e-02
9.520950e+02 5.907029e-02
9.521250e+02 7.001900e-02
9.521550e+02 6.854799e-02
9.521850e+02 8.676779e-02
9.523550e+02 1.923152e-01
9.526550e+02 3.525726e-01
9.529550e+02 5.103563e-01
9.532550e+02 5.019765e-01
