9.502550e+02 1.692578e-01
9.505550e+02 1.916732e-01
9.508550e+02 1.584008e-01
9.511550e+02 1.482063e-01
9.514550e+02 1.286934e-01
9.516750e+02 7.191949e-02
9.517050e+02 5.019589e-02
9.517350e+02 4.739918e-02
9.517550e+02 4.173853e-02
9.517650e+02 4.756746e-02
9.517950e+02 5.690977e-02
9.518250e+02 6.011521e-02
9.518550e+02 7.763119e-02
9.518850e+02 8.387794e-02
9.519150e+02 1.032625e-01
9.519450e+02 8.944852e-02
9.519750e+02 1.112531e-01
9.520050e+02 7.713133e-02
9.520350e+02 6.414668e-02
9.520550e+02 5.531789e-02
9.520650e+02 4.872161e-02
9.520950e+02 4.923381e-02
9.521250e+02 6.349050e-02
9.521550e+02 7.085251e-02
9.521850e+02 1.010775e-01
9.523550e+02 2.824928e-01
9.526550e+02 4.194285e-01
9.529550e+02 5.535097e-01
9.532550e+02 5.736449e-01
