9.502550e+02 1.632491e-01
9.505550e+02 1.755288e-01
9.508550e+02 1.388889e-01
9.511550e+02 1.290291e-01
9.514550e+02 9.592171e-02
9.516750e+02 5.030791e-02
9.517050e+02 5.232875e-02
9.517350e+02 4.882657e-02
9.517550e+02 5.175509e-02
9.517650e+02 3.881608e-02
9.517950e+02 5.204498e-02
9.518250e+02 5.487167e-02
9.518550e+02 6.314478e-02
9.518850e+02 8.482587e-02
9.519150e+02 9.941024e-02
9.519450e+02 1.096703e-01
9.519750e+02 1.070149e-01
9.520050e+02 6.656702e-02
9.520350e+02 5.988262e-02
9.520550e+02 5.048041e-02
9.520650e+02 4.389465e-02
9.520950e+02 4.849515e-02
9.521250e+02 6.407951e-02
9.521550e+02 7.605324e-02
9.521850e+02 1.102779e-01
9.523550e+02 2.982036e-01
9.526550e+02 4.433470e-01
9.529550e+02 5.884439e-01
9.532550e+02 5.983898e-01
