9.502550e+02 1.910304e-01
9.505550e+02 2.075217e-01
9.508550e+02 2.023156e-01
9.511550e+02 1.937220e-01
9.514550e+02 1.552357e-01
9.516750e+02 9.413836e-02
9.517050e+02 8.284351e-02
9.517350e+02 6.598499e-02
9.517550e+02 5.643899e-02
9.517650e+02 5.852379e-02
9.517950e+02 6.248425e-02
9.518250e+02 7.247401e-02
9.518550e+02 9.578815e-02
9.518850e+02 1.005643e-01
9.519150e+02 1.643150e-01
9.519450e+02 1.269056e-01
9.519750e+02 1.098292e-01
9.520050e+02 8.347203e-02
9.520350e+02 7.346795e-02
9.520550e+02 6.353925e-02
9.520650e+02 5.810784e-02
9.520950e+02 5.907066e-02
9.521250e+02 7.279345e-02
9.521550e+02 7.156605e-02
9.521850e+02 9.577322e-02
9.523550e+02 2.094468e-01
9.526550e+02 3.830111e-01
9.529550e+02 5.287397e-01
9.532550e+02 5.389834e-01
