9.502550e+02 1.876936e-01
9.505550e+02 2.018530e-01
9.508550e+02 1.845411e-01
9.511550e+02 1.706226e-01
9.514550e+02 1.384537e-01
9.516750e+02 6.821532e-02
9.517050e+02 7.952468e-02
9.517350e+02 5.763747e-02
9.517550e+02 5.793477e-02
9.517650e+02 6.034966e-02
9.517950e+02 6.249682e-02
9.518250e+02 7.045559e-02
9.518550e+02 8.177320e-02
9.518850e+02 1.052658e-01
9.519150e+02 1.064244e-01
9.519450e+02 1.301950e-01
9.519750e+02 1.064350e-01
9.520050e+02 8.370314e-02
9.520350e+02 6.975085e-02
9.520550e+02 6.196178e-02
9.520650e+02 5.168275e-02
9.520950e+02 5.633226e-02
9.521250e+02 6.843290e-02
9.521550e+02 7.484876e-02
9.521850e+02 8.987556e-02
9.523550e+02 2.301007e-01
9.526550e+02 3.971140e-01
9.529550e+02 5.393511e-01
9.532550e+02 5.644285e-01
