9.502550e+02 1.890366e-01
9.505550e+02 2.075655e-01
9.508550e+02 2.054252e-01
9.511550e+02 1.788287e-01
9.514550e+02 1.255150e-01
9.516750e+02 1.112198e-01
9.517050e+02 8.237351e-02
9.517350e+02 6.635047e-02
9.517550e+02 5.270501e-02
9.517650e+02 4.765593e-02
9.517950e+02 6.717534e-02
9.518250e+02 7.359777e-02
9.518550e+02 9.789849e-02
9.518850e+02 1.002526e-01
9.519150e+02 9.469815e-02
9.519450e+02 1.307112e-01
9.519750e+02 1.288344e-01
9.520050e+02 6.290023e-02
9.520350e+02 7.361204e-02
9.520550e+02 6.296086e-02
9.520650e+02 5.596032e-02
9.520950e+02 5.596435e-02
9.521250e+02 7.194617e-02
9.521550e+02 7.259905e-02
9.521850e+02 9.456449e-02
9.523550e+02 2.254796e-01
9.526550e+02 3.873280e-01
9.529550e+02 5.380196e-01
9.532550e+02 5.558779e-01
