9.502550e+02 2.009445e-01
9.505550e+02 2.042738e-01
9.508550e+02 1.954047e-01
9.511550e+02 1.804668e-01
9.514550e+02 1.154486e-01
9.516750e+02 7.561977e-02
9.517050e+02 6.645570e-02
9.517350e+02 5.528684e-02
9.517550e+02 4.806840e-02
9.517650e+02 5.773239e-02
9.517950e+02 5.821757e-02
9.518250e+02 6.685425e-02
9.518550e+02 8.484817e-02
9.518850e+02 1.172525e-01
9.519150e+02 1.473723e-01
9.519450e+02 1.602982e-01
9.519750e+02 1.250000e-01
9.520050e+02 8.672327e-02
9.520350e+02 7.459426e-02
9.520550e+02 6.073696e-02
9.520650e+02 5.460235e-02
9.520950e+02 5.701731e-02
9.521250e+02 6.992422e-02
9.521550e+02 7.027734e-02
9.521850e+02 9.798075e-02
9.523550e+02 2.429638e-01
9.526550e+02 4.059697e-01
9.529550e+02 5.549922e-01
9.532550e+02 5.743289e-01
