9.502550e+02 1.875655e-01
9.505550e+02 2.111360e-01
9.508550e+02 1.740613e-01
9.511550e+02 1.561960e-01
9.514550e+02 1.339698e-01
9.516750e+02 6.171998e-02
9.517050e+02 5.849699e-02
9.517350e+02 6.391017e-02
9.517550e+02 4.995530e-02
9.517650e+02 4.355364e-02
9.517950e+02 5.738866e-02
9.518250e+02 6.670168e-02
9.518550e+02 8.620056e-02
9.518850e+02 1.164387e-01
9.519150e+02 1.135491e-01
9.519450e+02 1.256894e-01
9.519750e+02 1.328404e-01
9.520050e+02 9.138655e-02
9.520350e+02 7.213252e-02
9.520550e+02 6.191950e-02
9.520650e+02 5.380412e-02
9.520950e+02 5.479163e-02
9.521250e+02 6.636842e-02
9.521550e+02 7.411312e-02
9.521850e+02 1.082903e-01
9.523550e+02 2.527733e-01
9.526550e+02 4.189888e-01
9.529550e+02 5.822066e-01
9.532550e+02 5.826046e-01
