9.480000e+02 3.473530e-01
9.482500e+02 4.051274e-01
9.485000e+02 6.136153e-01
9.487500e+02 9.062527e-01
9.490000e+02 9.267277e-01
9.492500e+02 6.172931e-01
9.495000e+02 3.627984e-01
9.497500e+02 2.291453e-01
9.500000e+02 1.538383e-01
9.502500e+02 1.137973e-01
9.505000e+02 8.808071e-02
9.507500e+02 6.877653e-02
9.510000e+02 5.176372e-02
9.512500e+02 3.048758e-02
9.515000e+02 2.020915e-02
9.515550e+02 2.828749e-02
9.515750e+02 3.545648e-02
9.515950e+02 3.804758e-02
9.516150e+02 4.814467e-02
9.516350e+02 8.086019e-02
9.516550e+02 1.053575e-01
9.516750e+02 1.294443e-01
9.516950e+02 1.766635e-01
9.517150e+02 1.985731e-01
9.517350e+02 2.077124e-01
9.517500e+02 1.449472e-01
9.517550e+02 1.597191e-01
9.517750e+02 1.457135e-01
9.517950e+02 9.875915e-02
9.518150e+02 7.679615e-02
9.518350e+02 6.996233e-02
9.518550e+02 6.915828e-02
9.520000e+02 1.087873e-01
9.522500e+02 2.212765e-01
9.525000e+02 3.183642e-01
9.527500e+02 3.447561e-01
9.530000e+02 3.370874e-01
9.532500e+02 3.288708e-01
9.535000e+02 3.174232e-01
9.537500e+02 3.326356e-01
9.540000e+02 3.580754e-01
9.542500e+02 4.145289e-01
9.545000e+02 5.169584e-01
9.547500e+02 6.758686e-01
9.550000e+02 8.726957e-01
9.552500e+02 9.824830e-01
9.555000e+02 8.751120e-01
9.557500e+02 6.635752e-01
9.560000e+02 4.922737e-01
