9.480000e+02 9.134854e-01
9.482500e+02 9.373904e-01
9.485000e+02 4.939868e-01
9.487500e+02 2.506417e-01
9.490000e+02 1.687739e-01
9.492500e+02 1.599339e-01
9.495000e+02 2.060245e-01
9.497500e+02 3.761154e-01
9.500000e+02 8.720283e-01
9.502500e+02 6.027465e-01
9.505000e+02 1.921857e-01
9.507500e+02 7.859556e-02
9.510000e+02 3.927599e-02
9.512500e+02 1.881055e-02
9.515000e+02 1.278477e-02
9.515550e+02 1.821397e-02
9.515750e+02 2.138383e-02
9.515950e+02 2.805626e-02
9.516150e+02 3.446911e-02
9.516350e+02 5.068912e-02
9.516550e+02 7.587117e-02
9.516750e+02 1.223100e-01
9.516950e+02 1.543116e-01
9.517150e+02 2.167829e-01
9.517350e+02 2.362866e-01
9.517500e+02 1.454039e-01
9.517550e+02 1.807771e-01
9.517750e+02 1.258925e-01
9.517950e+02 9.131474e-02
9.518150e+02 8.454489e-02
9.518350e+02 8.301808e-02
9.518550e+02 8.643384e-02
9.520000e+02 7.917631e-02
9.522500e+02 1.229650e-01
9.525000e+02 2.009245e-01
9.527500e+02 2.794495e-01
9.530000e+02 3.719892e-01
9.532500e+02 5.438805e-01
9.535000e+02 8.365294e-01
9.537500e+02 9.616187e-01
9.540000e+02 6.812744e-01
9.542500e+02 4.310671e-01
9.545000e+02 3.227078e-01
9.547500e+02 3.034711e-01
9.550000e+02 3.583466e-01
9.552500e+02 5.449176e-01
9.555000e+02 8.771784e-01
9.557500e+02 9.095346e-01
9.560000e+02 5.601514e-01
