9.480000e+02 1.833858e-01
9.482500e+02 1.887797e-01
9.485000e+02 1.879611e-01
9.487500e+02 1.924246e-01
9.490000e+02 1.932159e-01
9.492500e+02 1.952765e-01
9.495000e+02 2.001886e-01
9.497500e+02 1.981502e-01
9.500000e+02 2.013506e-01
9.502500e+02 1.966486e-01
9.505000e+02 1.908206e-01
9.507500e+02 1.660645e-01
9.510000e+02 1.325541e-01
9.512500e+02 7.885976e-02
9.515000e+02 3.403023e-02
9.515570e+02 3.699041e-02
9.515770e+02 5.246767e-02
9.515970e+02 4.896741e-02
9.516170e+02 7.599942e-02
9.516370e+02 7.498192e-02
9.516570e+02 1.039331e-01
9.516770e+02 1.142570e-01
9.516970e+02 1.478834e-01
9.517170e+02 1.778806e-01
9.517370e+02 1.816839e-01
9.517500e+02 1.753229e-01
9.517570e+02 1.731517e-01
9.517770e+02 1.605187e-01
9.517970e+02 1.295463e-01
9.518170e+02 1.040145e-01
9.518370e+02 7.572651e-02
9.518570e+02 5.550821e-02
9.520000e+02 1.697080e-01
9.522500e+02 4.644892e-01
9.525000e+02 6.810815e-01
9.527500e+02 7.853329e-01
9.530000e+02 8.342581e-01
9.532500e+02 8.472628e-01
9.535000e+02 8.419989e-01
9.537500e+02 8.225909e-01
9.540000e+02 7.901643e-01
9.542500e+02 7.510259e-01
9.545000e+02 7.073003e-01
9.547500e+02 6.629890e-01
9.550000e+02 6.183294e-01
9.552500e+02 5.753145e-01
9.555000e+02 5.319043e-01
9.557500e+02 4.918839e-01
9.560000e+02 4.552706e-01
