9.502550e+02 2.473582e-01
9.505550e+02 2.858527e-01
9.508550e+02 2.406531e-01
9.511550e+02 2.204017e-01
9.514550e+02 1.597134e-01
9.516750e+02 6.894455e-02
9.517050e+02 7.960410e-02
9.517350e+02 4.490144e-02
9.517550e+02 4.125533e-02
9.517650e+02 5.116024e-02
9.517950e+02 5.116364e-02
9.518250e+02 4.985409e-02
9.518550e+02 7.418668e-02
9.518850e+02 1.172686e-01
9.519150e+02 1.295744e-01
9.519450e+02 1.080144e-01
9.519750e+02 1.125707e-01
9.520050e+02 8.767657e-02
9.520350e+02 6.397859e-02
9.520550e+02 5.324004e-02
9.520650e+02 4.906741e-02
9.520950e+02 4.799121e-02
9.521250e+02 7.029534e-02
9.521550e+02 9.375191e-02
9.521850e+02 1.375968e-01
9.523550e+02 4.135622e-01
9.526550e+02 6.622957e-01
9.529550e+02 8.773832e-01
9.532550e+02 8.590784e-01
