9.502550e+02 2.626050e-01
9.505550e+02 3.025376e-01
9.508550e+02 2.665020e-01
9.511550e+02 2.326400e-01
9.514550e+02 1.523015e-01
9.516750e+02 9.039723e-02
9.517050e+02 6.234167e-02
9.517350e+02 4.950801e-02
9.517550e+02 5.454996e-02
9.517650e+02 4.813828e-02
9.517950e+02 6.048612e-02
9.518250e+02 6.873299e-02
9.518550e+02 8.724417e-02
9.518850e+02 1.174182e-01
9.519150e+02 1.037794e-01
9.519450e+02 1.561223e-01
9.519750e+02 1.551020e-01
9.520050e+02 9.366681e-02
9.520350e+02 7.018630e-02
9.520550e+02 5.796025e-02
9.520650e+02 5.078125e-02
9.520950e+02 5.231800e-02
9.521250e+02 7.444830e-02
9.521550e+02 9.136017e-02
9.521850e+02 1.247212e-01
9.523550e+02 3.751238e-01
9.526550e+02 6.525918e-01
9.529550e+02 8.426688e-01
9.532550e+02 8.504806e-01
