9.502550e+02 2.712445e-01
9.505550e+02 2.813509e-01
9.508550e+02 2.472958e-01
9.511550e+02 2.418853e-01
9.514550e+02 1.399776e-01
9.516750e+02 1.053058e-01
9.517050e+02 7.254499e-02
9.517350e+02 5.369839e-02
9.517550e+02 4.376053e-02
9.517650e+02 6.030558e-02
9.517950e+02 5.191733e-02
9.518250e+02 6.247275e-02
9.518550e+02 8.389867e-02
9.518850e+02 1.311781e-01
9.519150e+02 1.263178e-01
9.519450e+02 1.197455e-01
9.519750e+02 1.486209e-01
9.520050e+02 8.100019e-02
9.520350e+02 6.800349e-02
9.520550e+02 5.570110e-02
9.520650e+02 4.681940e-02
9.520950e+02 5.036286e-02
9.521250e+02 7.348622e-02
9.521550e+02 5.745545e-02
9.521850e+02 1.314689e-01
9.523550e+02 3.970689e-01
9.526550e+02 6.696016e-01
9.529550e+02 8.797681e-01
9.532550e+02 8.799026e-01
