9.502550e+02 2.569678e-01
9.505550e+02 2.620359e-01
9.508550e+02 2.332346e-01
9.511550e+02 2.064274e-01
9.514550e+02 1.413244e-01
9.516750e+02 6.322598e-02
9.517050e+02 5.486761e-02
9.517350e+02 5.171504e-02
9.517550e+02 5.084522e-02
9.517650e+02 3.947455e-02
9.517950e+02 5.508753e-02
9.518250e+02 4.276771e-02
9.518550e+02 7.163550e-02
9.518850e+02 9.399238e-02
9.519150e+02 1.098132e-01
9.519450e+02 1.138522e-01
9.519750e+02 1.007445e-01
9.520050e+02 9.497391e-02
9.520350e+02 6.185703e-02
9.520550e+02 5.130234e-02
9.520650e+02 4.477021e-02
9.520950e+02 4.777028e-02
9.521250e+02 6.982428e-02
9.521550e+02 9.779305e-02
9.521850e+02 1.501781e-01
9.523550e+02 4.509468e-01
9.526550e+02 7.267561e-01
9.529550e+02 1.006064e+00
9.532550e+02 9.676054e-01
