9.502550e+02 3.101941e-01
9.505550e+02 3.571334e-01
9.508550e+02 3.240612e-01
9.511550e+02 2.869237e-01
9.514550e+02 2.069422e-01
9.516750e+02 1.015137e-01
9.517050e+02 1.115013e-01
9.517350e+02 7.732130e-02
9.517550e+02 6.858054e-02
9.517650e+02 6.973964e-02
9.517950e+02 8.475250e-02
9.518250e+02 9.549705e-02
9.518550e+02 1.253563e-01
9.518850e+02 1.905140e-01
9.519150e+02 1.568745e-01
9.519450e+02 1.522677e-01
9.519750e+02 1.662467e-01
9.520050e+02 1.086610e-01
9.520350e+02 8.768904e-02
9.520550e+02 7.094976e-02
9.520650e+02 6.377466e-02
9.520950e+02 6.336106e-02
9.521250e+02 7.796610e-02
9.521550e+02 1.037234e-01
9.521850e+02 1.299728e-01
9.523550e+02 3.038513e-01
9.526550e+02 6.078953e-01
9.529550e+02 8.678420e-01
9.532550e+02 8.434176e-01
