9.502550e+02 2.616523e-01
9.505550e+02 2.945205e-01
9.508550e+02 2.385486e-01
9.511550e+02 2.188436e-01
9.514550e+02 1.526056e-01
9.516750e+02 6.845198e-02
9.517050e+02 9.653333e-02
9.517350e+02 5.435363e-02
9.517550e+02 5.814342e-02
9.517650e+02 4.990980e-02
9.517950e+02 5.148039e-02
9.518250e+02 5.976521e-02
9.518550e+02 6.468392e-02
9.518850e+02 1.071595e-01
9.519150e+02 1.232794e-01
9.519450e+02 1.151122e-01
9.519750e+02 1.299126e-01
9.520050e+02 8.019782e-02
9.520350e+02 6.940737e-02
9.520550e+02 5.614902e-02
9.520650e+02 5.091881e-02
9.520950e+02 5.166644e-02
9.521250e+02 7.331907e-02
9.521550e+02 1.107991e-01
9.521850e+02 1.568824e-01
9.523550e+02 4.303273e-01
9.526550e+02 7.271148e-01
9.529550e+02 1.000200e+00
9.532550e+02 9.148168e-01
