9.502550e+02 2.945190e-01
9.505550e+02 2.828392e-01
9.508550e+02 2.539520e-01
9.511550e+02 2.816605e-01
9.514550e+02 1.404188e-01
9.516750e+02 8.686501e-02
9.517050e+02 1.017961e-01
9.517350e+02 6.232553e-02
9.517550e+02 4.937778e-02
9.517650e+02 4.973762e-02
9.517950e+02 6.434713e-02
9.518250e+02 6.866488e-02
9.518550e+02 8.075171e-02
9.518850e+02 9.429351e-02
9.519150e+02 1.570507e-01
9.519450e+02 1.449160e-01
9.519750e+02 1.045209e-01
9.520050e+02 9.580224e-02
9.520350e+02 7.773671e-02
9.520550e+02 6.135214e-02
9.520650e+02 5.236766e-02
9.520950e+02 5.157642e-02
9.521250e+02 6.546430e-02
9.521550e+02 7.940319e-02
9.521850e+02 1.232595e-01
9.523550e+02 3.435384e-01
9.526550e+02 5.695848e-01
9.529550e+02 7.585303e-01
9.532550e+02 7.675892e-01
