9.502550e+02 2.885603e-01
9.505550e+02 3.116181e-01
9.508550e+02 2.800457e-01
9.511550e+02 2.560808e-01
9.514550e+02 1.858883e-01
9.516750e+02 1.172370e-01
9.517050e+02 7.959347e-02
9.517350e+02 6.685364e-02
9.517550e+02 6.316996e-02
9.517650e+02 7.160437e-02
9.517950e+02 7.516004e-02
9.518250e+02 8.437321e-02
9.518550e+02 1.151515e-01
9.518850e+02 1.230734e-01
9.519150e+02 1.562930e-01
9.519450e+02 1.194141e-01
9.519750e+02 1.303354e-01
9.520050e+02 1.021635e-01
9.520350e+02 8.048669e-02
9.520550e+02 6.628918e-02
9.520650e+02 6.192713e-02
9.520950e+02 5.741517e-02
9.521250e+02 6.891412e-02
9.521550e+02 8.011018e-02
9.521850e+02 1.020642e-01
9.523550e+02 2.722594e-01
9.526550e+02 5.136562e-01
9.529550e+02 7.015113e-01
9.532550e+02 7.151953e-01
