9.502550e+02 2.753690e-01
9.505550e+02 3.010070e-01
9.508550e+02 2.719132e-01
9.511550e+02 2.319082e-01
9.514550e+02 2.397402e-01
9.516750e+02 7.109631e-02
9.517050e+02 9.505507e-02
9.517350e+02 6.602254e-02
9.517550e+02 5.457584e-02
9.517650e+02 6.250719e-02
9.517950e+02 6.763590e-02
9.518250e+02 6.637117e-02
9.518550e+02 1.016735e-01
9.518850e+02 1.364263e-01
9.519150e+02 1.691714e-01
9.519450e+02 1.353543e-01
9.519750e+02 1.198506e-01
9.520050e+02 9.398020e-02
9.520350e+02 7.496407e-02
9.520550e+02 6.410625e-02
9.520650e+02 5.624964e-02
9.520950e+02 5.542085e-02
9.521250e+02 6.684739e-02
9.521550e+02 8.620092e-02
9.521850e+02 1.121425e-01
9.523550e+02 3.266233e-01
9.526550e+02 5.458218e-01
9.529550e+02 7.458946e-01
9.532550e+02 7.450788e-01
