9.502550e+02 2.720180e-01
9.505550e+02 3.004435e-01
9.508550e+02 2.431511e-01
9.511550e+02 2.276221e-01
9.514550e+02 1.648631e-01
9.516750e+02 8.051166e-02
9.517050e+02 7.535830e-02
9.517350e+02 5.962452e-02
9.517550e+02 6.041788e-02
9.517650e+02 5.851650e-02
9.517950e+02 6.670141e-02
9.518250e+02 7.192952e-02
9.518550e+02 9.053522e-02
9.518850e+02 1.336688e-01
9.519150e+02 1.551274e-01
9.519450e+02 1.467810e-01
9.519750e+02 1.358032e-01
9.520050e+02 8.373442e-02
9.520350e+02 7.868226e-02
9.520550e+02 6.422072e-02
9.520650e+02 5.507196e-02
9.520950e+02 5.558142e-02
9.521250e+02 6.623633e-02
9.521550e+02 8.190232e-02
9.521850e+02 1.148017e-01
9.523550e+02 3.126921e-01
9.526550e+02 5.510465e-01
9.529550e+02 7.500870e-01
9.532550e+02 7.185918e-01
