9.502550e+02 2.615429e-01
9.505550e+02 3.107591e-01
9.508550e+02 2.558370e-01
9.511550e+02 2.491118e-01
9.514550e+02 1.500029e-01
9.516750e+02 1.044254e-01
9.517050e+02 6.181543e-02
9.517350e+02 6.639804e-02
9.517550e+02 5.233918e-02
9.517650e+02 5.582184e-02
9.517950e+02 6.699737e-02
9.518250e+02 7.451278e-02
9.518550e+02 1.055857e-01
9.518850e+02 1.190587e-01
9.519150e+02 1.431243e-01
9.519450e+02 1.211042e-01
9.519750e+02 1.275602e-01
9.520050e+02 9.599766e-02
9.520350e+02 7.917615e-02
9.520550e+02 6.343371e-02
9.520650e+02 5.525670e-02
9.520950e+02 5.574770e-02
9.521250e+02 7.198501e-02
9.521550e+02 8.946998e-02
9.521850e+02 1.192720e-01
9.523550e+02 3.318341e-01
9.526550e+02 5.750278e-01
9.529550e+02 7.686685e-01
9.532550e+02 7.635266e-01
