9.502550e+02 2.741557e-01
9.505550e+02 3.119121e-01
9.508550e+02 2.465457e-01
9.511550e+02 2.166706e-01
9.514550e+02 1.467018e-01
9.516750e+02 7.972077e-02
9.517050e+02 8.968426e-02
9.517350e+02 6.512802e-02
9.517550e+02 5.500324e-02
9.517650e+02 5.336781e-02
9.517950e+02 6.391462e-02
9.518250e+02 7.124398e-02
9.518550e+02 9.383992e-02
9.518850e+02 1.462900e-01
9.519150e+02 1.178234e-01
9.519450e+02 1.520244e-01
9.519750e+02 1.493221e-01
9.520050e+02 1.030673e-01
9.520350e+02 7.884232e-02
9.520550e+02 6.344358e-02
9.520650e+02 5.555556e-02
9.520950e+02 5.580462e-02
9.521250e+02 6.915646e-02
9.521550e+02 8.944575e-02
9.521850e+02 1.165901e-01
9.523550e+02 3.127388e-01
9.526550e+02 5.637778e-01
9.529550e+02 7.647612e-01
9.532550e+02 7.595310e-01
