9.502550e+02 3.449774e-01
9.505550e+02 3.773987e-01
9.508550e+02 4.106803e-01
9.511550e+02 3.309160e-01
9.514550e+02 2.466381e-01
9.516750e+02 1.555952e-01
9.517050e+02 1.446328e-01
9.517350e+02 1.060723e-01
9.517550e+02 8.578592e-02
9.517650e+02 8.360167e-02
9.517950e+02 9.010296e-02
9.518250e+02 9.800417e-02
9.518550e+02 1.307404e-01
9.518850e+02 1.801427e-01
9.519150e+02 1.829356e-01
9.519450e+02 1.546251e-01
9.519750e+02 1.039100e-01
9.520050e+02 9.927303e-02
9.520350e+02 8.622947e-02
9.520550e+02 7.918727e-02
9.520650e+02 6.927621e-02
9.520950e+02 6.836124e-02
9.521250e+02 8.197407e-02
9.521550e+02 7.899773e-02
9.521850e+02 1.078016e-01
9.523550e+02 2.591313e-01
9.526550e+02 4.892409e-01
9.529550e+02 6.925692e-01
9.532550e+02 6.995277e-01
