9.502550e+02 2.442808e-01
9.505550e+02 2.687903e-01
9.508550e+02 2.213443e-01
9.511550e+02 1.882029e-01
9.514550e+02 1.155276e-01
9.516750e+02 6.819818e-02
9.517050e+02 5.460424e-02
9.517350e+02 4.804174e-02
9.517550e+02 3.839452e-02
9.517650e+02 5.116503e-02
9.517950e+02 5.020670e-02
9.518250e+02 3.958971e-02
9.518550e+02 6.778137e-02
9.518850e+02 7.460811e-02
9.519150e+02 9.198439e-02
9.519450e+02 9.926228e-02
9.519750e+02 1.137671e-01
9.520050e+02 8.451381e-02
9.520350e+02 6.336551e-02
9.520550e+02 4.618799e-02
9.520650e+02 4.096834e-02
9.520950e+02 4.223827e-02
9.521250e+02 7.124820e-02
9.521550e+02 9.675477e-02
9.521850e+02 1.503818e-01
9.523550e+02 4.369223e-01
9.526550e+02 7.040847e-01
9.529550e+02 8.897822e-01
9.532550e+02 8.853308e-01
