9.502550e+02 2.745771e-01
9.505550e+02 3.135090e-01
9.508550e+02 2.869780e-01
9.511550e+02 2.652951e-01
9.514550e+02 1.833956e-01
9.516750e+02 8.659757e-02
9.517050e+02 8.722610e-02
9.517350e+02 8.815726e-02
9.517550e+02 5.424015e-02
9.517650e+02 6.041767e-02
9.517950e+02 7.236169e-02
9.518250e+02 7.862867e-02
9.518550e+02 1.144767e-01
9.518850e+02 1.515753e-01
9.519150e+02 1.659934e-01
9.519450e+02 1.363308e-01
9.519750e+02 1.378085e-01
9.520050e+02 9.652719e-02
9.520350e+02 7.854002e-02
9.520550e+02 6.565870e-02
9.520650e+02 6.146700e-02
9.520950e+02 5.905131e-02
9.521250e+02 8.000000e-02
9.521550e+02 8.040626e-02
9.521850e+02 1.208333e-01
9.523550e+02 3.043059e-01
9.526550e+02 5.752432e-01
9.529550e+02 7.788630e-01
9.532550e+02 7.777576e-01
