9.500400e+02 2.807136e-01
9.502900e+02 2.946132e-01
9.505400e+02 3.148462e-01
9.507900e+02 3.259867e-01
9.510400e+02 3.214419e-01
9.512900e+02 2.955947e-01
9.515400e+02 2.509186e-01
9.517050e+02 1.576022e-01
9.517350e+02 1.522818e-01
9.517650e+02 1.515406e-01
9.517900e+02 1.197466e-01
9.517950e+02 1.704258e-01
9.518250e+02 1.274332e-01
9.518550e+02 1.785042e-01
9.518850e+02 2.192649e-01
9.519150e+02 1.968746e-01
9.519450e+02 1.875811e-01
9.519750e+02 1.715236e-01
9.520050e+02 1.650347e-01
9.520350e+02 1.492649e-01
9.520400e+02 1.463271e-01
9.520650e+02 1.547212e-01
9.520950e+02 1.573718e-01
9.521250e+02 1.698687e-01
9.522900e+02 2.592865e-01
9.525400e+02 3.174028e-01
9.527900e+02 4.421505e-01
9.530400e+02 4.724735e-01
