9.500400e+02 2.067496e-01
9.502900e+02 2.110665e-01
9.505400e+02 2.130212e-01
9.507900e+02 2.113817e-01
9.510400e+02 2.123195e-01
9.512900e+02 1.909660e-01
9.515400e+02 1.320850e-01
9.517050e+02 7.799789e-02
9.517350e+02 6.956986e-02
9.517650e+02 7.719350e-02
9.517900e+02 6.233653e-02
9.517950e+02 6.453652e-02
9.518250e+02 6.554142e-02
9.518550e+02 9.330289e-02
9.518850e+02 1.208400e-01
9.519150e+02 1.473737e-01
9.519450e+02 1.735177e-01
9.519750e+02 1.874704e-01
9.520050e+02 2.369447e-01
9.520350e+02 2.268790e-01
9.520400e+02 2.260123e-01
9.520650e+02 2.258951e-01
9.520950e+02 2.016518e-01
9.521250e+02 1.801373e-01
9.522900e+02 3.019523e-01
9.525400e+02 4.129752e-01
9.527900e+02 5.568117e-01
9.530400e+02 5.979512e-01
