9.500400e+02 2.305978e-01
9.502900e+02 2.408647e-01
9.505400e+02 2.436995e-01
9.507900e+02 2.541017e-01
9.510400e+02 2.563190e-01
9.512900e+02 2.158984e-01
9.515400e+02 1.734273e-01
9.517050e+02 9.997608e-02
9.517350e+02 9.170072e-02
9.517650e+02 8.372070e-02
9.517900e+02 8.892227e-02
9.517950e+02 9.877384e-02
9.518250e+02 9.934947e-02
9.518550e+02 1.309724e-01
9.518850e+02 1.476395e-01
9.519150e+02 2.111697e-01
9.519450e+02 1.883285e-01
9.519750e+02 2.025637e-01
9.520050e+02 2.119336e-01
9.520350e+02 2.028410e-01
9.520400e+02 1.951255e-01
9.520650e+02 1.857734e-01
9.520950e+02 1.705727e-01
9.521250e+02 1.582656e-01
9.522900e+02 2.933606e-01
9.525400e+02 3.645723e-01
9.527900e+02 5.067755e-01
9.530400e+02 5.370126e-01
