9.500400e+02 2.749867e-01
9.502900e+02 2.954151e-01
9.505400e+02 3.052143e-01
9.507900e+02 3.128494e-01
9.510400e+02 3.132665e-01
9.512900e+02 3.041017e-01
9.515400e+02 2.263733e-01
9.517050e+02 1.527771e-01
9.517350e+02 1.505005e-01
9.517650e+02 1.554499e-01
9.517900e+02 1.567327e-01
9.517950e+02 1.579614e-01
9.518250e+02 1.730959e-01
9.518550e+02 2.005690e-01
9.518850e+02 1.772467e-01
9.519150e+02 1.791730e-01
9.519450e+02 1.908949e-01
9.519750e+02 1.763280e-01
9.520050e+02 1.726047e-01
9.520350e+02 1.538614e-01
9.520400e+02 1.577324e-01
9.520650e+02 1.473917e-01
9.520950e+02 1.614783e-01
9.521250e+02 1.646204e-01
9.522900e+02 2.503153e-01
9.525400e+02 3.127389e-01
9.527900e+02 4.316276e-01
9.530400e+02 4.606395e-01
