9.500400e+02 2.663660e-01
9.502900e+02 2.739115e-01
9.505400e+02 3.002901e-01
9.507900e+02 2.991795e-01
9.510400e+02 2.941424e-01
9.512900e+02 2.808471e-01
9.515400e+02 2.065338e-01
9.517050e+02 1.374457e-01
9.517350e+02 1.413419e-01
9.517650e+02 1.301784e-01
9.517900e+02 1.332817e-01
9.517950e+02 1.356879e-01
9.518250e+02 1.294754e-01
9.518550e+02 1.461366e-01
9.518850e+02 1.845372e-01
9.519150e+02 1.543759e-01
9.519450e+02 2.034265e-01
9.519750e+02 1.902981e-01
9.520050e+02 1.786517e-01
9.520350e+02 1.582941e-01
9.520400e+02 1.578019e-01
9.520650e+02 1.605004e-01
9.520950e+02 1.627156e-01
9.521250e+02 1.668304e-01
9.522900e+02 2.609952e-01
9.525400e+02 3.251525e-01
9.527900e+02 4.473647e-01
9.530400e+02 4.772239e-01
