9.500400e+02 2.294899e-01
9.502900e+02 2.319774e-01
9.505400e+02 2.386462e-01
9.507900e+02 2.383712e-01
9.510400e+02 2.364223e-01
9.512900e+02 2.052501e-01
9.515400e+02 1.527533e-01
9.517050e+02 9.117801e-02
9.517350e+02 8.227756e-02
9.517650e+02 9.569094e-02
9.517900e+02 1.006500e-01
9.517950e+02 9.832707e-02
9.518250e+02 9.265325e-02
9.518550e+02 1.230401e-01
9.518850e+02 1.589711e-01
9.519150e+02 1.864227e-01
9.519450e+02 2.494882e-01
9.519750e+02 1.789230e-01
9.520050e+02 2.463483e-01
9.520350e+02 2.114091e-01
9.520400e+02 1.996099e-01
9.520650e+02 1.886102e-01
9.520950e+02 1.726161e-01
9.521250e+02 1.602489e-01
9.522900e+02 2.882514e-01
9.525400e+02 3.708404e-01
9.527900e+02 5.047320e-01
9.530400e+02 5.399791e-01
