9.500400e+02 2.071928e-01
9.502900e+02 2.119740e-01
9.505400e+02 2.200472e-01
9.507900e+02 2.339563e-01
9.510400e+02 2.188582e-01
9.512900e+02 1.743841e-01
9.515400e+02 1.333131e-01
9.517050e+02 8.067596e-02
9.517350e+02 7.191698e-02
9.517650e+02 6.616482e-02
9.517900e+02 6.535948e-02
9.517950e+02 7.022417e-02
9.518250e+02 8.851077e-02
9.518550e+02 8.714708e-02
9.518850e+02 1.359161e-01
9.519150e+02 1.603032e-01
9.519450e+02 1.944534e-01
9.519750e+02 2.184428e-01
9.520050e+02 2.148801e-01
9.520350e+02 2.234332e-01
9.520400e+02 2.254180e-01
9.520650e+02 1.905584e-01
9.520950e+02 1.743424e-01
9.521250e+02 1.757002e-01
9.522900e+02 2.969210e-01
9.525400e+02 3.922879e-01
9.527900e+02 5.190162e-01
9.530400e+02 5.642720e-01
